1 263 -0.025330295964295847
2 263 -0.025330295945853586
3 263 -0.02533029593071086
4 263 -0.025330296239378526
5 263 -0.02533029602262574
6 263 -0.02533029591093115
7 263 -0.025330295911716542
8 263 -0.02533029591091774
9 263 -0.025330295918208453
10 263 -0.025330295921397714
11 263 -0.025330295921397714
12 263 -0.02533029591882162
13 263 -0.025330295910732038
14 263 -0.025330295910720706
15 263 -0.025330295910607852
16 263 -0.02533029592396124
17 263 -0.025330295965002025
18 263 -0.025330295929549926
19 263 -0.025330295911050196
20 263 -0.025330295958678726
21 263 -0.025330366265862082
22 263 -0.025330295925497955
23 263 -0.025330295910607214
24 263 -0.025330295911142667
25 263 -0.025330295910584444
26 263 -0.02533029591801757
27 263 -0.02533029591659469
28 263 -0.025330295921795715
29 263 -0.02533029591516381
30 263 -0.02533029592165809
31 263 -0.025330295910673293
32 263 -0.025330295946520063
33 263 -0.025330295944202188
34 263 -0.02533029593039913
35 263 -0.02533029591250538
36 263 -0.025330295910704206
37 263 -0.025330295930932025
38 263 -0.025330295930483183
39 263 -0.025330296353112326
40 263 -0.025330295930304718
41 263 -0.02533029592941794
42 263 -0.02533029593005371
43 263 -0.025330295930596373
44 263 -0.025330295930642007
45 263 -0.025330366265862082
46 263 -0.02533029591106317
47 263 -0.02533029591845227
48 263 -0.025330295916066056
49 263 -0.025330295934574195
50 263 -0.025330295910622188
51 263 -0.02533029591254204
52 263 -0.025330295910619877
53 263 -0.02533029592894612
54 263 -0.025330295933937225
55 263 -0.02533029591088012
56 263 -0.025330295912756914
57 263 -0.025330295912501667
58 263 -0.025330295919815872
59 263 -0.02533029602805011
60 263 -0.025330295938242438
61 263 -0.025330295922740963
62 263 -0.02533029591552178
63 263 -0.025330296074981485
64 263 -0.025330295942994362
65 263 -0.025330296009407383
66 263 -0.02533029606387842
67 263 -0.025330296013302597
68 263 -0.02533029591300846
69 263 -0.025330295931364696
70 263 -0.02533029593008609
71 263 -0.025330295929657888
72 263 -0.02533029585722997
73 263 -0.025330295874242858
74 263 -0.025330295884838254
75 263 -0.025330295835577155
76 263 -0.025330295835262355
77 263 -0.025330295910565723
78 263 -0.025330295877181212
79 263 -0.025330295850013645
80 263 -0.025330295848660558
81 263 -0.025330295880443852
82 263 -0.02533029585860374
83 263 -0.025330295872443294
84 263 -0.025330295752254723
85 263 -0.025330295847543087
86 263 -0.02533029587659878
87 263 -0.025330295875246305
88 263 -0.025330295854792986
89 263 -0.025330295857033638
90 263 -0.025330295836521254
91 263 -0.025330295910565723
92 263 -0.025330295826849876
93 263 -0.025330295802152295
94 263 -0.025330295887436457
95 263 -0.025330295864994884
96 263 -0.025330295902963894
97 263 -0.02533029568768573
98 263 -0.02533029571204099
99 263 -0.0253302956929543
100 263 -0.02533029567400502
101 263 -0.02533029571796149
102 263 -0.02533029571533529
103 263 -0.025330295697703367
104 263 -0.0253302957234183
105 263 -0.02533029571437282
106 263 -0.02533029588481173
107 263 -0.025330295832890957
108 263 -0.0253302958607179
109 263 -0.025330295910565723
110 263 -0.02533029586879307
111 263 -0.025330295807256823
112 263 -0.02533029585497261
113 263 -0.02533029584580256
114 263 -0.02533029589827748
115 263 -0.025330295871525885
116 263 -0.025330295869914636
117 263 -0.025330295901969148
118 263 -0.025330295910565723
119 263 -0.025330295795180115
120 263 -0.025330295867983108
121 263 -0.025330295886801416
122 263 -0.02533029582426076
123 263 -0.025330295867987726
124 263 -0.025330295846897822
125 263 -0.025330295863236475
126 263 -0.025330295849726375
127 263 -0.025330295833483684
128 263 -0.025330295903122715
129 263 -0.025330295871755237
130 263 -0.025330295910565723
131 263 -0.02533029577554448
132 263 -0.025330295849067982
133 263 -0.02533029583059985
134 263 -0.025330295890969034
135 263 -0.025330295849992638
136 263 -0.02533029579692913
137 263 -0.025330295910565723
138 263 -0.025330295831811546
139 263 -0.025330295850740543
140 263 -0.025330295805608333
141 263 -0.025330295890534937
142 263 -0.025330295842908464
143 263 -0.025330295832690832
144 263 -0.02533029576105069
145 263 -0.02533029585867335
146 263 -0.025330295910565723
147 263 -0.025330295881942973
148 263 -0.025330295407868672
149 263 -0.025330295763344116
150 263 -0.02533029586912734
151 263 -0.02533029580988667
152 263 -0.02533029550613414
153 263 -0.02533029588762452
154 263 -0.02533029587122678
155 263 -0.025330295870726893
156 263 -0.025330295792475414
157 263 -0.025330295860287077
158 263 -0.025330295792807857
159 263 -0.025330295834451805
160 263 -0.025330295910565723
161 263 -0.025330295815357336
162 263 -0.02533029585713546
163 263 -0.025330295910565723
164 263 -0.025330295910565723
165 263 -0.025330295843341472
166 263 -0.025330295851329364
167 263 -0.02533029584966199
168 263 -0.02533029575115404
169 263 -0.025330295838685613
170 263 -0.025330295446665825
171 263 -0.025330295893370748
172 263 -0.025330295910565723
173 263 -0.025330295910565723
174 263 -0.02533029583023429
175 263 -0.025330295817231327
176 263 -0.025330295766417817
177 263 -0.025330295910565723
178 263 -0.025330295910565723
179 263 -0.025330295836006406
180 263 -0.0253302958124244
181 263 -0.025330295910565723
182 263 -0.025330295910565723
183 263 -0.02533029582585099
184 263 -0.025330295708534005
185 263 -0.025330295826753498
186 263 -0.025330295743377737
187 263 -0.025330295910565723
188 263 -0.025330295781740925
189 263 -0.025330295816230898
190 263 -0.025330295735628998
191 263 -0.025330295816429697
192 263 -0.025330295810602328
193 263 -0.02533029580672435
194 263 -0.02533029587772818
195 263 -0.025330295910565723
196 263 -0.0253302957931374
197 263 -0.025330295910565723
198 263 -0.025330295777513452
199 263 -0.025330295910565723
200 263 -0.025330295732903896
201 263 -0.025330295669940273
202 263 -0.025330295755646805
203 263 -0.02533029564519036
204 263 -0.025330295910565723
205 263 -0.025330295867380063
206 263 -0.025330295851250108
207 263 -0.025330295811535578
208 263 -0.025330295910565723
209 263 -0.025330295873620838
210 263 -0.02533029582984488
211 263 -0.025330295844314944
212 263 -0.025330295850347562
213 263 -0.02533029587565132
214 263 -0.025330295413428024
215 263 -0.02533029578350636
216 263 -0.0253302958346734
217 263 -0.025330295632274496
218 263 -0.025330295904724725
219 263 -0.025330295908792468
220 263 -0.025330295879680657
221 263 -0.02533029590269517
222 263 -0.025330295808408607
223 263 -0.025330295872791682
224 263 -0.025330295910565723
225 263 -0.025330295870806985
226 263 -0.025330295910565723
227 263 -0.025330295910565723
228 263 -0.025330295784243357
229 263 -0.025330295910565723
230 263 -0.025330295855832068
231 263 -0.025330295845010474
232 263 -0.0253302958674422
233 263 -0.02533029586784818
234 263 -0.025330295883461435
235 263 -0.02533029581226969
236 263 -0.025330295878841853
237 263 -0.025330295864513814
238 263 -0.025330295883656793
239 263 -0.02533029584329451
240 263 -0.025330295831968844
241 263 -0.025330295886456952
242 263 -0.025330295899206014
243 263 -0.025330295851333996
244 263 -0.025330295781432314
245 263 -0.025330295748154225
246 263 -0.025330295842165854
247 263 -0.025330295910565723
248 263 -0.025330295910565723
249 263 -0.025330295910565723
250 263 -0.025330295910565723
251 263 -0.025330295910565723
252 263 -0.02533029589131471
253 263 -0.025330295910565723
254 263 -0.025330295910565723
255 263 -0.025330295714009004
256 263 -0.025330295903480342
257 263 -0.025330295910565723
258 263 -0.025330295910565723
259 263 -0.025330295720381094
260 263 -0.025330295853238642
261 263 -0.02533029590393465
262 263 -0.02533029582668079
263 400 -0.05066059182116889
263 264 -0.02533029586675634
263 265 -0.025330295850753578
263 266 -0.025330295910565723
263 267 -0.02533029539423433
263 268 -0.025330295853229004
263 269 -0.02533029579165668
263 270 -0.025330295840252724
263 271 -0.0253302957328381
263 272 -0.02533029563254794
263 273 -0.025330295877719067
263 274 -0.025330295885807225
263 275 -0.025330295632979345
263 276 -0.025330295910565723
263 277 -0.025330295532041473
263 278 -0.025330295749990513
263 279 -0.0253302958023031
263 280 -0.02533029585582523
263 281 -0.025330295868882968
263 282 -0.025330295910565723
263 283 -0.025330295910565723
263 284 -0.02533029578509759
263 285 -0.02533029577793044
263 286 -0.02533029572233843
263 287 -0.025330295910565723
263 288 -0.02533029589078892
263 289 -0.025330295866217704
263 290 -0.02533029586449845
263 291 -0.02533029590803323
263 292 -0.025330295910565723
263 293 -0.025330295910565723
263 294 -0.025330295860252112
263 295 -0.025330295783780685
263 296 -0.025330295828176235
263 297 -0.0253302957065848
263 298 -0.025330295893514328
263 299 -0.025330295910565723
263 300 -0.025330295856316933
263 301 -0.025330295910565723
263 302 -0.025330295910565723
263 303 -0.025330295756893762
263 304 -0.02533029572251559
263 305 -0.025330295756859217
263 306 -0.025330295910565723
263 307 -0.025330295910565723
263 308 -0.02533029551780385
263 309 -0.025330295780014733
263 310 -0.02533029575861643
263 311 -0.025330295910565723
263 312 -0.02533029585951021
263 313 -0.025330295910565723
263 314 -0.025330295910565723
263 315 -0.025330295081152594
263 316 -0.025330295684798484
263 317 -0.025330295809356345
263 318 -0.025330295910565723
263 319 -0.02533029589851884
263 320 -0.02533029581149004
263 321 -0.025330295910565723
263 322 -0.025330295442544386
263 323 -0.025330295910565723
263 324 -0.02533029558643922
263 325 -0.025330295751996145
263 326 -0.025330295910565723
263 327 -0.025330295910565723
263 328 -0.02533029579204719
263 329 -0.02533029585666595
263 330 -0.025330295629922134
263 331 -0.025330295788157996
263 332 -0.025330295910565723
263 333 -0.025330295856799082
263 334 -0.025330295803613175
263 335 -0.025330295910565723
263 336 -0.02533029585265456
263 337 -0.025330295840897275
263 338 -0.025330295725010384
263 339 -0.025330295788634907
263 340 -0.025330295836523936
263 341 -0.025330295804498405
263 342 -0.025330295735517292
263 343 -0.025330295910565723
263 344 -0.02533029578681833
263 345 -0.025330295910565723
263 346 -0.025330295910565723
263 347 -0.025330295781433216
263 348 -0.025330295726759246
263 349 -0.025330295910565723
263 350 -0.025330295833179018
263 351 -0.025330295821549255
263 352 -0.025330295910565723
263 353 -0.02533029585140535
263 354 -0.025330295910565723
263 355 -0.025330295808906153
263 356 -0.025330295811551096
263 357 -0.025330295805208774
263 358 -0.02533029582026215
263 359 -0.02533029586538291
263 360 -0.025330295782814916
263 361 -0.025330295910565723
263 362 -0.025330295885130034
263 363 -0.0253302958422471
263 364 -0.025330295505772222
263 365 -0.025330295800537563
263 366 -0.025330295812123056
263 367 -0.02533029589026005
263 368 -0.025330295910565723
263 369 -0.025330295780892444
263 370 -0.025330295910565723
263 371 -0.025330294825708782
263 372 -0.02533029563440479
263 373 -0.025330295894929505
263 374 -0.025330295873773726
263 375 -0.02533029569698533
263 376 -0.025330295807719044
263 377 -0.025330295910565723
263 378 -0.025330295910565723
263 379 -0.025330295756145146
263 380 -0.025330295910565723
263 381 -0.025330295841813188
263 382 -0.025330295910565723
263 383 -0.025330295910565723
263 384 -0.02533029580030833
263 385 -0.025330295910565723
263 386 -0.025330295910565723
263 387 -0.025330295665474584
263 388 -0.025330295881046832
263 389 -0.02533029586440764
263 390 -0.02533029577147051
263 391 -0.025330295873826493
263 392 -0.02533029586179069
263 393 -0.025330295883278453
263 394 -0.025330295831944735
263 395 -0.025330295780055984
263 396 -0.02533029580526255
263 397 -0.025330295747446694
263 398 -0.025330295910565723
263 399 -0.025330295716807835
263 401 -0.05066059182116889
263 402 -0.025330295778565864
263 403 -0.025330295868107734
263 404 -0.025330295781797588
263 405 -0.02533029584912192
263 406 -0.025330295880988223
263 407 -0.025330295789813977
263 408 -0.025330295878525134
263 409 -0.02533029588680533
263 410 -0.025330295847754637
263 411 -0.025330295910565723
263 412 -0.0253302958545956
263 413 -0.02533029590091437
263 414 -0.025330295910565723
263 415 -0.025330295910565723
263 416 -0.025330295910565723
263 417 -0.02533029586875664
263 418 -0.025330295734480035
263 419 -0.025330295910565723
263 420 -0.02533029589379377
263 421 -0.02533029586706737
263 422 -0.02533029587845262
263 423 -0.02533029589872991
263 424 -0.025330295721928704
263 425 -0.025330295893794184
263 426 -0.025330295807816375
263 427 -0.025330295886953822
263 428 -0.025330295867782585
263 429 -0.02533029583587656
263 430 -0.025330294732696865
263 431 -0.025330295789238857
263 432 -0.025330295730551105
263 433 -0.02533029577313851
263 434 -0.02533029579540695
263 435 -0.025330295894174584
263 436 -0.025330295892038005
263 437 -0.025330295873493124
263 438 -0.025330295847889744
263 439 -0.025330295885776323
263 440 -0.025330295865953326
263 441 -0.025330295886071868
263 442 -0.025330295882047108
263 443 -0.025330295899757573
263 444 -0.025330295885412246
263 445 -0.02533029586453489
263 446 -0.02533029585283982
263 447 -0.025330295910565723
263 448 -0.025330295841279046
263 449 -0.025330295890579856
263 450 -0.025330295757480827
263 451 -0.025330295874155966
263 452 -0.025330295910565723
263 453 -0.02533029588526561
263 454 -0.02533029570944678
263 455 -0.025330295860315027
263 456 -0.025330295806795945
263 457 -0.02533029581698153
263 458 -0.025330295910565723
263 459 -0.02533029583715148
263 460 -0.02533029588315626
263 461 -0.025330295889601593
263 462 -0.025330295910565723
263 463 -0.025330295883577252
263 464 -0.02533029521899079
263 465 -0.025330295760365704
263 466 -0.02533029578658968
263 467 -0.02533029582957439
263 468 -0.025330295910565723
263 469 -0.025330295845629798
263 470 -0.02533029588841263
263 471 -0.02533029579749238
263 472 -0.025330295793092084
263 473 -0.025330295910565723
263 474 -0.025330295823260626
263 475 -0.02533029582159378
263 476 -0.025330295863516795
263 477 -0.02533029586993186
263 478 -0.025330295910565723
263 479 -0.025330295854195686
263 480 -0.025330295794601967
263 481 -0.025330295897941585
263 482 -0.025330295880847002
263 483 -0.025330295891143266
263 484 -0.025330295895398088
263 485 -0.025330295712096832
263 486 -0.025330295820791476
263 487 -0.025330295874380127
263 488 -0.0253302957755024
263 489 -0.025330295853563965
263 490 -0.02533029586976686
263 491 -0.025330295869063744
263 492 -0.025330295839676956
263 493 -0.025330295883413047
263 494 -0.025330295910565723
263 495 -0.025330295910565723
263 496 -0.025330295910565723
263 497 -0.025330295910565723
263 498 -0.025330295831415574
263 499 -0.025330295910565723
263 500 -0.025330295910565723
263 501 -0.02533029573054032
263 502 -0.025330295910565723
263 503 -0.025330295829712114
263 504 -0.025330295882455747
263 505 -0.025330295885978134
263 506 -0.025330295910565723
263 507 -0.025330295910565723
263 508 -0.025330295854011583
263 509 -0.025330295861406043
263 510 -0.025330295790961226
263 511 -0.025330295910565723
263 512 -0.02533029582954867
263 513 -0.025330295828765156
263 514 -0.025330295897915116
263 515 -0.02533029565621458
263 516 -0.025330295718420028
263 517 -0.025330295854612276
263 518 -0.025330295877960297
263 519 -0.025330295889573702
263 520 -0.025330295894277897
263 521 -0.025330295688460576
263 522 -0.02533029589258314
263 523 -0.025330295910565723
263 524 -0.025330295899684756
263 525 -0.025330295732392965
263 526 -0.02533029588463248
263 527 -0.025330295811009377
263 528 -0.025330295878504872
263 529 -0.025330294012483268
263 530 -0.025330295879096923
263 531 -0.025330295910565723
263 532 -0.02533029584459299
263 533 -0.025330295763986783
263 534 -0.02533029587292304
263 535 -0.025330295745038527
263 536 -0.025330295910565723
263 537 -0.02533029577017699
263 538 -0.0253302955602209
263 539 -0.02533029577103806
263 540 -0.02533029578227418
263 541 -0.02533029588508009
263 542 -0.025330295770924487
263 543 -0.025330295772360605
263 544 -0.025330295746532498
263 545 -0.025330295775708923
263 546 -0.02533029578350369
263 547 -0.025330295856563798
263 548 -0.025330295892680623
263 549 -0.02533029581786732
263 550 -0.025330295910565723
263 551 -0.025330295910565723
263 552 -0.025330295910565723
263 553 -0.025330295910565723
263 554 -0.025330295906415508
263 555 -0.025330295880836098
263 556 -0.025330295854506447
263 557 -0.025330295860288544
263 558 -0.025330295871300704
263 559 -0.05066059182116889
263 560 -0.025330295886256408
263 561 -0.02533029590890745
263 562 -0.025330295896723434
263 563 -0.025330295910565723
263 564 -0.025330295797359067
263 565 -0.02533029589004489
263 566 -0.025330295805073278
263 567 -0.025330295746746428
263 568 -0.025330295858828584
263 569 -0.025330295587574703
263 570 -0.025330295910565723
263 571 -0.02533029585991425
263 572 -0.02533029589749261
263 573 -0.025330295901641268
263 574 -0.02533029586367573
263 575 -0.0253302958417168
263 576 -0.025330295910565723
263 577 -0.025330295846906326
263 578 -0.025330295910565723
263 579 -0.025330295699543766
263 580 -0.025330295862389707
263 581 -0.025330295855042647
263 582 -0.025330295850240308
263 583 -0.025330295837722373
263 584 -0.025330295811929568
263 585 -0.02533029585179486
263 586 -0.025330295784347652
263 587 -0.025330295910565723
263 588 -0.025330295818030975
263 589 -0.025330295813054144
263 590 -0.025330295910565723
263 591 -0.025330295099810714
263 592 -0.025330295833817646
263 593 -0.025330295783261136
263 594 -0.025330295910565723
263 595 -0.025330295910565723
263 596 -0.02533029587562665
263 597 -0.025330295910565723
263 598 -0.0253302958728445
263 599 -0.02533029584520647
263 600 -0.025330295835391703
263 601 -0.025330295847200462
263 602 -0.025330295658628342
263 603 -0.025330295910565723
263 604 -0.025330295714279
263 605 -0.025330295910565723
263 606 -0.025330295910565723
263 607 -0.025330295797259008
263 608 -0.025330295910565723
263 609 -0.025330295753711454
263 610 -0.025330295910565723
263 611 -0.025330295910565723
263 612 -0.025330295910565723
263 613 -0.02533029585761981
263 614 -0.02533029587023204
263 615 -0.025330295910565723
263 616 -0.02533029558917467
263 617 -0.025330295910565723
263 618 -0.025330295910565723
263 619 -0.025330295910565723
263 620 -0.02533029586176266
263 621 -0.025330292893312584
263 622 -0.025330295900698015
263 623 -0.02533029589041248
263 624 -0.025330295718351648
263 625 -0.025330295910565723
263 626 -0.025330295910565723
263 627 -0.05066059182116889
263 628 -0.02533029581021484
263 629 -0.025330295910565723
263 630 -0.02533029581764415
263 631 -0.025330295877393386
263 632 -0.02533029579979464
263 633 -0.025330295816837458
263 634 -0.025330295910565723
263 635 -0.02533029582336673
263 636 -0.025330295889456057
263 637 -0.025330295805751378
263 638 -0.02533029587668717
263 639 -0.025330295910565723
263 640 -0.02533029590469049
263 641 -0.02533029587054891
263 642 -0.025330295910565723
263 643 -0.025330295473148075
263 644 -0.02533029587509607
263 645 -0.025330295886268086
263 646 -0.025330295846084525
263 647 -0.02533029586042548
263 648 -0.025330295897948014
263 649 -0.02533029586913564
263 650 -0.025330295601096415
263 651 -0.02533029546085875
263 652 -0.025330295867586512
263 653 -0.025330295871078903
263 654 -0.025330295890731516
263 655 -0.025330295837880257
263 656 -0.025330295858278288
263 657 -0.02533029581889835
263 658 -0.025330295734211344
263 659 -0.025330295865410947
263 660 -0.025330295907700792
263 661 -0.02533029586781879
263 662 -0.025330295910565723
263 663 -0.025330295846134818
263 664 -0.025330295732956483
263 665 -0.025330295730168807
263 666 -0.025330295835873814
263 667 -0.02533029585747908
263 668 -0.025330295872257286
263 669 -0.025330295873908414
263 670 -0.02533029580779338
263 671 -0.025330295888182055
263 672 -0.025330295837471484
263 673 -0.0253302958543755
263 674 -0.025330295855970585
263 675 -0.025330295910565723
263 676 -0.025330295672127592
263 677 -0.025330295830539837
263 678 -0.0253302958701472
263 679 -0.025330295766126876
263 680 -0.025330295853864218
263 681 -0.025330295910565723
263 682 -0.025330295867550996
263 683 -0.025330295894867235
263 684 -0.025330295895512358
263 685 -0.025330295736786045
263 686 -0.025330295862263253
263 687 -0.025330295828389207
263 688 -0.025330295801209286
263 689 -0.02533029587841031
263 690 -0.025330295910565723
263 691 -0.025330295910565723
263 692 -0.025330295769548025
263 693 -0.025330295910565723
263 694 -0.025330295796773903
263 695 -0.025330295795368888
263 696 -0.025330295836512293
263 697 -0.025330295892975516
263 698 -0.025330295910565723
263 699 -0.025330295910565723
263 700 -0.025330295820750786
263 701 -0.025330295817434276
263 702 -0.025330295853034108
263 703 -0.025330295790191856
263 704 -0.02533029575905874
263 705 -0.02533029586143282
263 706 -0.02533029581611586
263 707 -0.02533029582079535
263 708 -0.02533029590922821
263 709 -0.025330295910565723
263 710 -0.025330295910565723
263 711 -0.025330295900786212
263 712 -0.025330295753705864
263 713 -0.02533029572809965
263 714 -0.025330295898420813
263 715 -0.025330295813208743
263 716 -0.025330295783543056
263 717 -0.025330295822332604
263 718 -0.025330295910565723
263 719 -0.025330295910565723
263 720 -0.025330295910565723
263 721 -0.025330295871696343
263 722 -0.02533029590627741
263 723 -0.025330295786088686
263 724 -0.025330295886176996
263 725 -0.025330295910565723
263 726 -0.02533029584045234
263 727 -0.02533029569138346
263 728 -0.025330295841414295
263 729 -0.025330295910565723
263 730 -0.025330295910565723
263 731 -0.025330295856665574
263 732 -0.025330295884893092
263 733 -0.025330286649410824
263 734 -0.025330295387545682
263 735 -0.025330295910565723
263 736 -0.025330295797950764
263 737 -0.025330295910565723
263 738 -0.025330295910565723
263 739 -0.025330295843172076
263 740 -0.0253302958558246
263 741 -0.025330295910565723
263 742 -0.025330295841434283
263 743 -0.025330295910565723
263 744 -0.025330295872299385
263 745 -0.02533029585108084
263 746 -0.02533029577096036
263 747 -0.025330295767263117
263 748 -0.025330295777857708
263 749 -0.05066059182116889
263 750 -0.025330295819461078
263 751 -0.025330295766065738
263 752 -0.025330295910565723
263 753 -0.025330295839723065
263 754 -0.025330295091380715
263 755 -0.025330295826259706
263 756 -0.025330295803969765
263 757 -0.025330295726775826
263 758 -0.025330295801459905
263 759 -0.025330295910565723
263 760 -0.025330295809624186
263 761 -0.02533029574367959
263 762 -0.025330295861677083
263 763 -0.025330295779909504
263 764 -0.02533029586388164
263 765 -0.025330295910565723
263 766 -0.0253302956373813
263 767 -0.025330295910565723
263 768 -0.02533029587898138
263 769 -0.025330295785187754
263 770 -0.025330295910565723
263 771 -0.025330295615142998
263 772 -0.02533029582790363
263 773 -0.02533029579697177
263 774 -0.05066059182116889
263 775 -0.025330295910565723
263 776 -0.025330295856787376
263 777 -0.02533029588643414
263 778 -0.02533029582713365
263 779 -0.025330295887636398
263 780 -0.02533029565241841
263 781 -0.025330295754360018
263 782 -0.025330295772743712
263 783 -0.02533026583471225
263 784 -0.025330295894620852
263 785 -0.025330295839509298
263 786 -0.02533029590963916
263 787 -0.025330295848981634
263 788 -0.02533029588466476
263 789 -0.025330295615412803
263 790 -0.025330295904388456
263 791 -0.025330295887813003
263 792 -0.025330295855030934
263 793 -0.0253302957513551
263 794 -0.025330295619353602
263 795 -0.02533029567293863
263 796 -0.02533029571738686
263 797 -0.025330295773099747
263 798 -0.02533029584873548
263 799 -0.025330274117432213
263 800 -0.025330295798502492
263 801 -0.02533029581839269
263 802 -0.025330295910565723
263 803 -0.025330295910565723
263 804 -0.025330295766488355
263 805 -0.0253302957912892
263 806 -0.025330295891441187
263 807 -0.025330295879119072
263 808 -0.02533029582163199
263 809 -0.02533029578292954
263 810 -0.025330295854556924
263 811 -0.025330295788687875
263 812 -0.02533029589158191
263 813 -0.02533029583223778
263 814 -0.025330295892360164
263 815 -0.025330295910565723
263 816 -0.025330295869776892
263 817 -0.025330295878107395
263 818 -0.025330295836994428
263 819 -0.025330295835804335
263 820 -0.02533029587601462
263 821 -0.02533029577534435
263 822 -0.025330295883014827
263 823 -0.025330295845943825
263 824 -0.025330295898911566
263 825 -0.025330295872983407
263 826 -0.025330295892950824
263 827 -0.025330295885909716
263 828 -0.02533029588811864
263 829 -0.025330295831251685
263 830 -0.02533029578751494
263 831 -0.02533029582064274
263 832 -0.02533029583731059
263 833 -0.02533029587779119
263 834 -0.025330295891811436
263 835 -0.02533029583201113
263 836 -0.025330295835629988
263 837 -0.02533029586314662
263 838 -0.025330295838597857
263 839 -0.025330295270659303
263 840 -0.025330295910565723
263 841 -0.02533029577152069
263 842 -0.025330295752974
263 843 -0.02533029581604848
263 844 -0.02533029572562248
263 845 -0.025330295763703953
263 846 -0.02533029589962756
263 847 -0.025330295702965393
263 848 -0.025330295818822884
263 849 -0.025330295808843783
263 850 -0.025330295835785516
263 851 -0.025330295688581535
263 852 -0.025330295706757454
263 853 -0.025330295884510762
263 854 -0.025330295793707866
263 855 -0.025330295910565723
263 856 -0.025330295674202568
263 857 -0.02533029585656065
263 858 -0.02533029580339291
263 859 -0.025330295770329008
263 860 -0.02533029583976485
263 861 -0.025330295829963167
263 862 -0.025330295862844413
263 863 -0.025330295899811197
263 864 -0.02533029452761706
263 865 -0.025330295892807584
263 866 -0.02533029587966962
263 867 -0.025330295790265567
263 868 -0.02533029581693973
263 869 -0.02533029587807042
263 870 -0.025330295717330704
263 871 -0.025330295910565723
263 872 -0.02533029585585849
263 873 -0.025330295772150357
263 874 -0.02533029576590395
263 875 -0.02533029584703364
263 876 -0.02533029588222019
263 877 -0.025330295769413477
263 878 -0.025330295882303847
263 879 -0.025330295882443402
263 880 -0.025330295789152454
263 881 -0.025330295877498694
263 882 -0.02533029588967098
263 883 -0.02533029587067442
263 884 -0.02533029520439952
263 885 -0.02533029580980364
263 886 -0.0253302958379977
263 887 -0.025330295901105943
263 888 -0.025330295857649437
263 889 -0.02533029589306192
263 890 -0.0253302958220324
263 891 -0.025330295869736515
263 892 -0.02533029585003145
263 893 -0.025330295891942627
263 894 -0.025330295817821882
263 895 -0.05066059182116889
263 896 -0.025330295910565723
263 897 -0.02533029583452854
263 898 -0.02533029587435303
263 899 -0.02533029585547197
263 900 -0.025330295894495994
263 901 -0.025330295880080792
263 902 -0.02533029568746535
263 903 -0.025330295849580894
263 904 -0.025330295893916444
263 905 -0.025330295807719727
263 906 -0.02533029588883389
263 907 -0.025330295754176863
263 908 -0.025330295819404477
263 909 -0.02533029581843411
263 910 -0.025330295907616426
263 911 -0.025330295865597385
263 912 -0.02533029590234442
263 913 -0.025330295026658015
263 914 -0.025330295890836216
263 915 -0.025330295896935213
263 916 -0.025330295760269766
263 917 -0.025330295863000833
263 918 -0.02533029583501447
263 919 -0.02533029587407833
263 920 -0.025330295785969924
263 921 -0.025330295872827736
263 922 -0.025330295816472
263 923 -0.02533029584992131
263 924 -0.02533029587151263
263 925 -0.025330295830095165
263 926 -0.02533029588521453
263 927 -0.02533029588281038
263 928 -0.02533029587569062
263 929 -0.02533029589079063
263 930 -0.025330295857131067
263 931 -0.025330295866776802
263 932 -0.025330295846310105
263 933 -0.025330295894273692
263 934 -0.02533029580721639
263 935 -0.02533029589113347
263 936 -0.025330295860374507
263 937 -0.025330295708375385
263 938 -0.02533029588045893
263 939 -0.025330295877532844
263 940 -0.025330295899131806
263 941 -0.02533029589124278
263 942 -0.02533029578557433
263 943 -0.025330295887079017
263 944 -0.025330295852392194
263 945 -0.02533029580343196
263 946 -0.025330295892343868
263 947 -0.025330295898401616
263 948 -0.02533029589572074
263 949 -0.025330295890522003
263 950 -0.025330295891205272
263 951 -0.02533029589798007
263 952 -0.025330295895232557
263 953 -0.025330295899491238
263 954 -0.02533029589479018
263 955 -0.02533029584569269
263 956 -0.025330295841354895
263 957 -0.025330295842318412
263 958 -0.02533029585689515
263 959 -0.025330295891880527
263 960 -0.025330295891568537
263 961 -0.025330295841312234
263 962 -0.025330295898007397
263 963 -0.025330295876404955
263 964 -0.02533029588040639
263 965 -0.025330295858487183
263 966 -0.02533029590197205
263 967 -0.02533029586709801
263 968 -0.02533029589734002
263 969 -0.025330295897646328
263 970 -0.02533029589076761
263 971 -0.02533029590354741
263 972 -0.025330295887351872
263 973 -0.025330295852933973
263 974 -0.02533029587147491
263 975 -0.025330295704635575
263 976 -0.025330295822887806
263 977 -0.025330295816071578
263 978 -0.025330295774788045
263 979 -0.025330295824601463
263 980 -0.025330295900423745
263 981 -0.025330295896772267
263 982 -0.025330295862504973
263 983 -0.025330295878007628
263 984 -0.025330295851172215
263 985 -0.02533029581369629
263 986 -0.02533029590810113
263 987 -0.025330295814913757
263 988 -0.025330295892091365
263 989 -0.02533029589841981
263 990 -0.025330295878552227
263 991 -0.025330295887547573
263 992 -0.025330295868238224
263 993 -0.02533029587087612
263 994 -0.025330295836494047
263 995 -0.02533029579810968
263 996 -0.025330295820437436
263 997 -0.025330295888865758
263 998 -0.025330295874657568
263 999 -0.025330295849714763
263 1000 -0.02533029569657267
263 1001 -0.025330295853303254
263 1002 -0.025330295875720915
263 1003 -0.025330295840230013
263 1004 -0.025330295890126576
263 1005 -0.025330295873949586
263 1006 -0.025330295829960617
263 1007 -0.02533029577773061
263 1008 -0.025330295892778815
263 1009 -0.025330295836806262
263 1010 -0.02533029580229693
263 1011 -0.025330295903100816
263 1012 -0.025330295910565723
263 1013 -0.025330295889363346
263 1014 -0.02533029572467285
263 1015 -0.025330295902338477
263 1016 -0.02533029588869706
263 1017 -0.02533029585179441
263 1018 -0.025330295837057128
263 1019 -0.025330295872338572
263 1020 -0.025330295904045022
263 1021 -0.025330295905787295
263 1022 -0.02533029590629026
263 1023 -0.025330295901189834
263 1024 -0.025330295903933434
263 1025 -0.025330295906680858
263 1026 -0.02533029586318888
263 1027 -0.025330295895966214
263 1028 -0.025330295904248123
263 1029 -0.025330295901737975
263 1030 -0.02533029590338253
263 1031 -0.025330295900157306
263 1032 -0.025330295901614234
263 1033 -0.025330295820357944
263 1034 -0.0253302959051237
263 1035 -0.02533029589615963
263 1036 -0.025330295903403816
263 1037 -0.025330295894707144
263 1038 -0.02533029588638522
263 1039 -0.025330295878255502
263 1040 -0.025330295901646826
263 1041 -0.02533029576306154
263 1042 -0.025330295877905907
263 1043 -0.02533029589275546
263 1044 -0.025330295884160078
263 1045 -0.025330295905656816
263 1046 -0.025330295821231547
263 1047 -0.025330295886748865
263 1048 -0.02533029588777088
263 1049 -0.025330295902058906
263 1050 -0.025330295896976843
263 1051 -0.025330295846098687
263 1052 -0.025330295907381808
263 1053 -0.025330295901115935
263 1054 -0.025330295907821574
263 1055 -0.025330295902752657
263 1056 -0.025330295902076003
263 1057 -0.025330295851570633
263 1058 -0.025330295904576458
263 1059 -0.02533029590521313
263 1060 -0.025330295894842127
263 1061 -0.025330295910565723
263 1062 -0.02533029590674388
263 1063 -0.02533029590333368
263 1064 -0.025330295906569867
263 1065 -0.025330295900450755
263 1066 -0.025330295900844967
263 1067 -0.025330295868628727
263 1068 -0.0253302958992069
263 1069 -0.025330295875587633
263 1070 -0.025330295907049563
263 1071 -0.025330295897331365
263 1072 -0.025330295910565723
263 1073 -0.025330295890564784
263 1074 -0.025330295910565723
263 1075 -0.025330295894219448
263 1076 -0.025330295862764245
263 1077 -0.025330295909370866
263 1078 -0.0253302959025176
263 1079 -0.025330295905314222
263 1080 -0.02533029588610174
263 1081 -0.025330295874791738
263 1082 -0.025330295910565723
263 1083 -0.025330295880084237
263 1084 -0.025330295910565723
263 1085 -0.025330295845178034
263 1086 -0.02533029586743565
263 1087 -0.02533029586101903
263 1088 -0.025330295871282486
263 1089 -0.025330295910565723
263 1090 -0.025330295896999585
263 1091 -0.025330295870024753
263 1092 -0.025330295830942175
263 1093 -0.025330295721127664
263 1094 -0.025330295710678734
263 1095 -0.025330295694565876
263 1096 -0.025330295727885557
263 1097 -0.02533029590041977
263 1098 -0.025330295891560557
263 1099 -0.02533029588358608
263 1100 -0.025330295905859647
263 1101 -0.025330295803566626
263 1102 -0.025330295856644446
263 1103 -0.025330295903268935
263 1104 -0.02533029585265224
263 1105 -0.025330295838183817
263 1106 -0.025330295868931194
263 1107 -0.025330295803911326
263 1108 -0.025330295852601263
263 1109 -0.025330295852390536
263 1110 -0.02533029587768088
263 1111 -0.02533029582162669
263 1112 -0.025330295910565723
263 1113 -0.025330295902373255
263 1114 -0.025330295897389513
263 1115 -0.02533029585185496
263 1116 -0.025330295902239505
263 1117 -0.025330295893565204
263 1118 -0.025330295867453778
263 1119 -0.025330295894162757
263 1120 -0.025330295845773475
263 1121 -0.025330295891035796
263 1122 -0.025330295821070773
263 1123 -0.02533029587464591
263 1124 -0.025330295887075784
263 1125 -0.02533029590049821
263 1126 -0.025330295863912444
263 1127 -0.025330295854024833
263 1128 -0.025330295910565723
263 1129 -0.02533029578325685
263 1130 -0.025330295795293233
263 1131 -0.02533029586180053
263 1132 -0.025330295882842684
263 1133 -0.025330295809253753
263 1134 -0.025330295904986023
263 1135 -0.025330295864073277
263 1136 -0.02533029586540322
263 1137 -0.02533029580089623
263 1138 -0.025330295850171006
263 1139 -0.025330295725421476
263 1140 -0.025330295749873447
263 1141 -0.025330295910565723
263 1142 -0.02533029581201459
263 1143 -0.025330295831786115
263 1144 -0.025330295842540068
263 1145 -0.025330295866578728
263 1146 -0.02533029584293337
263 1147 -0.02533029580187434
263 1148 -0.025330295795103708
263 1149 -0.025330295828720973
263 1150 -0.025330295856527598
263 1151 -0.025330295873041312
263 1152 -0.025330295899438242
263 1153 -0.025330295813570637
263 1154 -0.025330295874793875
263 1155 -0.025330295807045967
263 1156 -0.025330295782590932
263 1157 -0.02533029583110305
263 1158 -0.025330295726460866
263 1159 -0.025330295784181275
263 1160 -0.025330295857961285
263 1161 -0.02533029578035557
263 1162 -0.02533029581781812
263 1163 -0.025330295868285644
263 1164 -0.025330295801254468
263 1165 -0.02533029590726214
263 1166 -0.025330295900515592
263 1167 -0.025330295828355057
263 1168 -0.025330295871212306
263 1169 -0.025330295884129255
263 1170 -0.025330295658981792
263 1171 -0.025330295896472028
263 1172 -0.02533029590251921
263 1173 -0.025330295799309895
263 1174 -0.025330295788334702
263 1175 -0.025330295871950008
263 1176 -0.025330295861343347
263 1177 -0.025330295910565723
263 1178 -0.025330295855243243
263 1179 -0.025330295837071852
263 1180 -0.02533029581700413
263 1181 -0.02533029573402271
263 1182 -0.025330295864598198
263 1183 -0.025330295910565723
263 1184 -0.025330295831385366
263 1185 -0.02533029581055377
263 1186 -0.05066059182116889
263 1187 -0.0253302958245173
263 1188 -0.025330295681989252
263 1189 -0.025330295862422247
263 1190 -0.025330295896225413
263 1191 -0.025330295733917214
263 1192 -0.025330295910565723
263 1193 -0.025330295910565723
263 1194 -0.025330295910565723
263 1195 -0.02533029587903746
263 1196 -0.02533029589298893
263 1197 -0.02533029583201045
263 1198 -0.025330295909232557
263 1199 -0.025330295836210045
263 1200 -0.02533029582898176
263 1201 -0.025330295851229048
263 1202 -0.02533029584378382
263 1203 -0.025330295852342342
263 1204 -0.02533029581997648
263 1205 -0.025330295833138918
263 1206 -0.025330295827755627
263 1207 -0.02533029583077342
263 1208 -0.02533029583559369
263 1209 -0.025330295806019996
263 1210 -0.025330295825448802
263 1211 -0.02533029584949946
263 1212 -0.025330295845202088
263 1213 -0.025330295861681534
263 1214 -0.025330295801784048
263 1215 -0.025330295713170817
263 1216 -0.025330295791870305
263 1217 -0.02533029580421128
263 1218 -0.02533029581358767
263 1219 -0.025330295841472852
263 1220 -0.025330295884820553
263 1221 -0.02533029586607638
263 1222 -0.025330295371039844
263 1223 -0.025330295741929854
263 1224 -0.025330295863121067
263 1225 -0.025330295791331302
263 1226 -0.025330295876329182
263 1227 -0.025330295795888202
263 1228 -0.025330295825891837
263 1229 -0.025330295823026757
263 1230 -0.025330295841572203
263 1231 -0.025330295865006507
263 1232 -0.02533029587412544
263 1233 -0.025330295817034967
263 1234 -0.02533029586611154
263 1235 -0.02533029585991155
263 1236 -0.025330295816655846
263 1237 -0.02533029585391657
263 1238 -0.025330295793219215
263 1239 -0.025330295872664582
263 1240 -0.025330295897960032
263 1241 -0.02533029586865022
263 1242 -0.025330295865847133
263 1243 -0.025330295849000276
263 1244 -0.0253302958740592
263 1245 -0.0253302958826435
263 1246 -0.02533029584841502
263 1247 -0.025330295857246447
263 1248 -0.02533029581400973
263 1249 -0.025330295877039454
263 1250 -0.02533029588482458
263 1251 -0.025330295875331536
263 1252 -0.025330295772945908
263 1253 -0.02533029583464211
263 1254 -0.025330295910565723
263 1255 -0.0253302957830311
263 1256 -0.025330295910565723
263 1257 -0.02533029581728963
263 1258 -0.0253302956819235
263 1259 -0.025330295829071963
263 1260 -0.025330295810526118
263 1261 -0.025330295887996526
263 1262 -0.0253302958791032
263 1263 -0.025330295835893822
263 1264 -0.025330295791929996
263 1265 -0.02533029582349954
263 1266 -0.02533029582372647
263 1267 -0.025330295910565723
263 1268 -0.02533029583224049
263 1269 -0.025330295830237864
263 1270 -0.025330295825051596
263 1271 -0.0253302958167619
263 1272 -0.025330295841389412
263 1273 -0.025330295875535064
263 1274 -0.025330295799931023
263 1275 -0.02533029584381987
263 1276 -0.025330295831213923
263 1277 -0.02533029579830478
263 1278 -0.025330295847576872
263 1279 -0.02533029587004915
263 1280 -0.025330295876466968
263 1281 -0.025330295792168625
263 1282 -0.025330295831555442
263 1283 -0.0253302958843933
263 1284 -0.02533029586135038
263 1285 -0.02533029588102463
263 1286 -0.025330295698453936
263 1287 -0.02533029577958179
263 1288 -0.02533029575243112
263 1289 -0.02533029590218912
263 1290 -0.02533029580592903
263 1291 -0.02533029581792266
263 1292 -0.02533029560770977
263 1293 -0.02533029585813143
263 1294 -0.02533029584507347
263 1295 -0.025330295817020235
263 1296 -0.025330295744483287
263 1297 -0.025330295816609602
263 1298 -0.025330295548166754
263 1299 -0.02533029585552901
263 1300 -0.02533029588912658
263 1301 -0.025330295812626018
263 1302 -0.025330295867358636
263 1303 -0.02533029573243485
263 1304 -0.025330295863893872
263 1305 -0.02533029576378502
263 1306 -0.025330295894105584
263 1307 -0.025330295773931238
263 1308 -0.025330295904363847
263 1309 -0.025330295848835515
263 1310 -0.02533029590098456
263 1311 -0.02533029589762059
263 1312 -0.02533029587451282
263 1313 -0.02533029586358483
263 1314 -0.025330295806730775
263 1315 -0.025330295858370037
263 1316 -0.02533029566169907
263 1317 -0.025330295906153523
263 1318 -0.025330295910565723
263 1319 -0.02533029585544537
263 1320 -0.025330295831998938
263 1321 -0.025330295895568004
263 1322 -0.02533029585884568
263 1323 -0.025330295809453285
263 1324 -0.025330295764540742
263 1325 -0.025330295808208315
263 1326 -0.02533029590606775
263 1327 -0.025330295902781824
263 1328 -0.025330295807551657
263 1329 -0.025330295782827528
263 1330 -0.02533029578107738
263 1331 -0.025330295813542594
263 1332 -0.02533029584865175
263 1333 -0.02533029590609373
263 1334 -0.02533029590048106
263 1335 -0.025330295910565723
263 1336 -0.02533029578863138
263 1337 -0.02533029581295811
263 1338 -0.025330295880380965
263 1339 -0.02533029585576237
263 1340 -0.025330295892068536
263 1341 -0.025330295861423987
263 1342 -0.02533029588427675
263 1343 -0.02533029589307169
263 1344 -0.025330295910565723
263 1345 -0.025330295839620164
263 1346 -0.02533029585458043
263 1347 -0.025330295804778368
263 1348 -0.025330295910565723
263 1349 -0.025330295750420166
263 1350 -0.025330295893233993
263 1351 -0.025330295844701114
263 1352 -0.02533029585382708
263 1353 -0.025330295817764678
263 1354 -0.025330295895287635
263 1355 -0.025330295896552533
263 1356 -0.02533029587006357
263 1357 -0.025330295865094707
263 1358 -0.02533029586003608
263 1359 -0.025330295848332005
263 1360 -0.025330295888955107
263 1361 -0.025330295880836642
263 1362 -0.02533029584462457
263 1363 -0.025330295898882887
263 1364 -0.025330295878950856
263 1365 -0.025330295794101683
263 1366 -0.025330295824046094
263 1367 -0.02533029584759297
263 1368 -0.025330295844848718
263 1369 -0.025330295877958806
263 1370 -0.02533029587273448
263 1371 -0.025330295859285607
263 1372 -0.025330295811551544
263 1373 -0.02533029587592228
263 1374 -0.025330295875823413
263 1375 -0.025330295884896995
263 1376 -0.025330295796828165
263 1377 -0.02533029587319895
263 1378 -0.02533029588972753
263 1379 -0.025330295870675843
263 1380 -0.025330295850333508
263 1381 -0.025330295797862508
263 1382 -0.025330295910565723
263 1383 -0.025330295877828268
263 1384 -0.025330295903360004
263 1385 -0.025330295896734915
263 1386 -0.025330295801799192
263 1387 -0.025330295834712843
263 1388 -0.025330295910565723
263 1389 -0.025330295843825137
263 1390 -0.025330295849005917
263 1391 -0.02533029586939701
263 1392 -0.025330295849613087
263 1393 -0.02533029576895007
263 1394 -0.025330295869650004
263 1395 -0.02533029588951476
263 1396 -0.025330295864522068
263 1397 -0.025330295872414085
263 1398 -0.025330295784357176
263 1399 -0.025330295841506735
263 1400 -0.025330295747268826
263 1401 -0.025330295862536458
263 1402 -0.025330295808352277
263 1403 -0.025330295775234043
263 1404 -0.025330295871985355
263 1405 -0.025330295689791144
263 1406 -0.025330295816410744
263 1407 -0.025330295842198116
263 1408 -0.025330295790207902
263 1409 -0.025330295855654286
263 1410 -0.05066059182116889
263 1411 -0.025330295887582358
263 1412 -0.025330295910565723
263 1413 -0.025330295890148388
263 1414 -0.02533029581757757
263 1415 -0.02533029573506857
263 1416 -0.025330295910565723
263 1417 -0.02533029580032754
263 1418 -0.0253302957379755
263 1419 -0.025330295869811125
263 1420 -0.025330295863154495
263 1421 -0.0253302958680363
263 1422 -0.025330295862424503
263 1423 -0.025330295910565723
263 1424 -0.025330295722959906
263 1425 -0.025330295730630503
263 1426 -0.02533029588427777
263 1427 -0.025330295865306753
263 1428 -0.025330295899278196
263 1429 -0.025330295863967213
263 1430 -0.02533029588199927
263 1431 -0.02533029589557048
263 1432 -0.025330295910565723
263 1433 -0.025330295848474058
263 1434 -0.02533029581532139
263 1435 -0.025330295107227407
263 1436 -0.0253302958018332
263 1437 -0.025330295762319637
263 1438 -0.025330295761256037
263 1439 -0.025330295910565723
263 1440 -0.025330295800936556
263 1441 -0.025330295751972605
263 1442 -0.025330295823898976
263 1443 -0.025330295892729247
263 1444 -0.025330295910565723
263 1445 -0.025330295770720906
263 1446 -0.025330295769110174
263 1447 -0.025330295910565723
263 1448 -0.025330295910565723
263 1449 -0.025330295834428158
263 1450 -0.025330295839088468
263 1451 -0.025330295910565723
263 1452 -0.025330295852723998
263 1453 -0.025330295843346822
263 1454 -0.025330295806683566
263 1455 -0.02533029589481534
263 1456 -0.025330295750457074
263 1457 -0.02533029567442149
263 1458 -0.02533029584320355
263 1459 -0.025330295891482613
263 1460 -0.02533029583568969
263 1461 -0.025330295496283812
263 1462 -0.025330295767465805
263 1463 -0.025330295647735184
263 1464 -0.025330295791119287
263 1465 -0.02533029584332223
263 1466 -0.025330295770782527
263 1467 -0.025330295857593693
263 1468 -0.02533029579938804
263 1469 -0.025330295624842042
263 1470 -0.025330295910565723
263 1471 -0.025330295847277876
263 1472 -0.025330295789802466
263 1473 -0.025330295910565723
263 1474 -0.025330295748921254
263 1475 -0.025330295910565723
263 1476 -0.02533029587725384
263 1477 -0.025330295905345582
263 1478 -0.025330295905156428
263 1479 -0.02533029575833446
263 1480 -0.025330295825313133
263 1481 -0.025330295864757577
263 1482 -0.025330295855276477
263 1483 -0.025330295836882198
263 1484 -0.02533029579366411
263 1485 -0.02533029586525059
263 1486 -0.025330295832412104
263 1487 -0.025330295910565723
263 1488 -0.025330295910565723
263 1489 -0.02533029556669815
263 1490 -0.025330295910565723
263 1491 -0.02533029576955851
263 1492 -0.02533029581613845
263 1493 -0.025330295892279094
263 1494 -0.025330295910565723
263 1495 -0.025330295910565723
263 1496 -0.025330295862874212
263 1497 -0.02533029590613766
263 1498 -0.025330295763213547
263 1499 -0.02533029580538197
263 1500 -0.02533029580070225
263 1501 -0.02533029584322596
263 1502 -0.025330295839762127
263 1503 -0.025330295614062078
263 1504 -0.025330295647936266
263 1505 -0.025330295527608074
263 1506 -0.02533029582151101
263 1507 -0.025330295791746116
263 1508 -0.025330295910565723
263 1509 -0.0253302957748081
263 1510 -0.025330295910565723
263 1511 -0.025330295595348728
263 1512 -0.025330295859994367
263 1513 -0.025330295899940784
263 1514 -0.025330295754073757
263 1515 -0.02533029588715698
263 1516 -0.025330295910565723
263 1517 -0.025330295814730796
263 1518 -0.025330295892608174
263 1519 -0.025330295860904562
263 1520 -0.025330295814677727
263 1521 -0.025330295874134934
263 1522 -0.025330295864280403
263 1523 -0.025330295890786645
263 1524 -0.025330295899706735
263 1525 -0.025330295688131277
263 1526 -0.025330295153527745
263 1527 -0.025330295848629905
263 1528 -0.025330295569593358
263 1529 -0.02533029588189279
263 1530 -0.02533029587317962
263 1531 -0.025330295826760062
263 1532 -0.025330295802304163
263 1533 -0.02533029587011626
263 1534 -0.025330295735403154
263 1535 -0.025330295887836796
263 1536 -0.025330295854911984
263 1537 -0.025330295910565723
263 1538 -0.02533029589613032
263 1539 -0.025330295696910806
263 1540 -0.025330295766922906
263 1541 -0.025330295795365304
263 1542 -0.025330295784056926
263 1543 -0.025330295822429526
263 1544 -0.02533029584924803
263 1545 -0.025330295808669724
263 1546 -0.02533029570708942
263 1547 -0.02533029584245216
263 1548 -0.025330295868450002
263 1549 -0.02533029588729718
263 1550 -0.02533029587384817
263 1551 -0.02533029584572182
263 1552 -0.025330295887628963
263 1553 -0.025330295828514968
263 1554 -0.02533029588756684
263 1555 -0.025330295769109737
263 1556 -0.02533029583732548
263 1557 -0.025330295772238998
263 1558 -0.025330295836508657
263 1559 -0.025330295875673446
263 1560 -0.025330295834258453
263 1561 -0.02533029583279302
263 1562 -0.025330295817565695
263 1563 -0.02533029589004462
263 1564 -0.025330295903934347
263 1565 -0.025330295875068902
263 1566 -0.025330295630991616
263 1567 -0.025330295838353382
263 1568 -0.025330295845847863
263 1569 -0.025330295856543915
263 1570 -0.025330295826193946
263 1571 -0.025330295836185446
263 1572 -0.025330295910565723
263 1573 -0.025330295812782427
263 1574 -0.02533029578629249
263 1575 -0.02533029572207452
263 1576 -0.025330295895260722
263 1577 -0.025330295775746636
263 1578 -0.025330295859184743
263 1579 -0.025330295815176405
263 1580 -0.025330295796192722
263 1581 -0.025330295836754408
263 1582 -0.02533029582194399
263 1583 -0.02533029588526004
263 1584 -0.025330295897106177
263 1585 -0.0253302959003476
263 1586 -0.025330295898684234
263 1587 -0.025330295834383877
263 1588 -0.02533029588938229
263 1589 -0.025330295907429967
263 1590 -0.025330295865153972
263 1591 -0.025330295893855343
263 1592 -0.025330295892965243
263 1593 -0.025330295875349424
263 1594 -0.025330295886401552
263 1595 -0.025330295869351475
263 1596 -0.025330295897232697
263 1597 -0.02533029585924482
263 1598 -0.025330295839380287
263 1599 -0.025330295773540602
263 1600 -0.025330295882474867
263 1601 -0.02533029588255686
263 1602 -0.02533029588940515
263 1603 -0.025330295841830597
263 1604 -0.02533029588630836
263 1605 -0.025330295899753733
263 1606 -0.025330295871410113
263 1607 -0.025330295888125166
263 1608 -0.02533029588144279
263 1609 -0.025330295896135314
263 1610 -0.02533029583824864
263 1611 -0.025330295765179853
263 1612 -0.02533029584257642
263 1613 -0.025330295839911126
263 1614 -0.025330295856165804
263 1615 -0.025330295845576438
263 1616 -0.02533029586987773
263 1617 -0.02533029590318891
263 1618 -0.025330295895241342
263 1619 -0.025330295860766208
263 1620 -0.025330295894519596
263 1621 -0.025330295820231465
263 1622 -0.02533029583653277
263 1623 -0.025330295816425263
263 1624 -0.025330295884305683
263 1625 -0.025330295842005263
263 1626 -0.025330295824719597
263 1627 -0.025330295888474658
263 1628 -0.025330295876243636
263 1629 -0.025330295865304206
263 1630 -0.025330295738328838
263 1631 -0.025330295874590153
263 1632 -0.0253302959020257
263 1633 -0.02533029587420419
263 1634 -0.02533029584541928
263 1635 -0.025330295867018376
263 1636 -0.025330295864846884
263 1637 -0.02533029588221678
263 1638 -0.02533029588125215
263 1639 -0.025330295910565723
263 1640 -0.025330295893981804
263 1641 -0.02533029587585971
263 1642 -0.02533029574270859
263 1643 -0.025330295829372945
263 1644 -0.025330295901482038
263 1645 -0.02533029581563643
263 1646 -0.025330295816901403
263 1647 -0.025330295910565723
263 1648 -0.02533029574970984
263 1649 -0.025330295768583883
263 1650 -0.025330295905620942
263 1651 -0.025330295870824464
263 1652 -0.025330295828737266
263 1653 -0.025330295690565576
263 1654 -0.025330295824002563
263 1655 -0.02533029575851585
263 1656 -0.025330295740056213
263 1657 -0.025330295910565723
263 1658 -0.025330295807252278
263 1659 -0.025330295910565723
263 1660 -0.025330295722709548
263 1661 -0.025330295892119162
263 1662 -0.02533029589621208
263 1663 -0.025330293248416784
263 1664 -0.025330295910565723
263 1665 -0.025330295757916142
263 1666 -0.025330295859427927
263 1667 -0.025330295786893248
263 1668 -0.025330295706320293
263 1669 -0.025330295707774255
263 1670 -0.025330295860696364
263 1671 -0.02533029568784222
263 1672 -0.025330295872307906
263 1673 -0.02533029567184402
263 1674 -0.025330295719159516
263 1675 -0.025330295862334415
263 1676 -0.02533029587508679
263 1677 -0.02533029577634995
263 1678 -0.025330295695344
263 1679 -0.02533029578228455
263 1680 -0.025330295910565723
263 1681 -0.025330295831675988
263 1682 -0.02533029578882877
263 1683 -0.025330295832204013
263 1684 -0.025330295806254854
263 1685 -0.025330295776398712
263 1686 -0.025330295910565723
263 1687 -0.025330295886344265
263 1688 -0.025330295882163244
263 1689 -0.02533029587209653
263 1690 -0.02533029561397258
263 1691 -0.025330295821085924
263 1692 -0.025330295882019817
263 1693 -0.025330295852602835
263 1694 -0.025330295779721724
263 1695 -0.025330295788436395
263 1696 -0.025330295885464874
263 1697 -0.02533029572507918
263 1698 -0.05066059182116889
263 1699 -0.025330295910565723
263 1700 -0.025330295910565723
263 1701 -0.02533029579493479
263 1702 -0.025330295897030813
263 1703 -0.02533029579988162
263 1704 -0.025330295797552277
263 1705 -0.025330295860434046
263 1706 -0.025330295660221325
263 1707 -0.025330295840523893
263 1708 -0.025330295774877897
263 1709 -0.025330295897659578
263 1710 -0.02533029577981164
263 1711 -0.02533029579412077
263 1712 -0.025330295844600507
263 1713 -0.025330295910565723
263 1714 -0.025330295769460606
263 1715 -0.025330295873895636
263 1716 -0.025330295910565723
263 1717 -0.025330295698680953
263 1718 -0.02533029583740471
263 1719 -0.025330295830159437
263 1720 -0.02533029584769826
263 1721 -0.0253302958169966
263 1722 -0.02533029588821111
263 1723 -0.025330295628498225
263 1724 -0.02533029583382196
263 1725 -0.02533029573990943
263 1726 -0.025330295712566352
263 1727 -0.025330295796061948
263 1728 -0.025330295859679174
263 1729 -0.02533029588480012
263 1730 -0.025330295893622984
263 1731 -0.025330295816504377
263 1732 -0.0253302958676655
263 1733 -0.025330295886213283
263 1734 -0.025330295887781327
263 1735 -0.02533029588569599
263 1736 -0.025330295890577302
263 1737 -0.025330295891093202
263 1738 -0.025330295899098937
263 1739 -0.025330295828973993
263 1740 -0.025330295885649542
263 1741 -0.0253302958277005
263 1742 -0.02533029581528703
263 1743 -0.025330295781202276
263 1744 -0.025330295708565594
263 1745 -0.025330295853860853
263 1746 -0.025330295889255658
263 1747 -0.02533029583152419
263 1748 -0.025330295690923293
263 1749 -0.025330295889210052
263 1750 -0.025330295877037112
263 1751 -0.025330295838925126
263 1752 -0.02533029586474497
263 1753 -0.025330295895780206
263 1754 -0.025330295825328766
263 1755 -0.025330295847217552
263 1756 -0.025330295880910066
263 1757 -0.025330295830756414
263 1758 -0.02533029588733993
263 1759 -0.025330295820818055
263 1760 -0.025330295892878767
263 1761 -0.025330295856983303
263 1762 -0.02533029587398926
263 1763 -0.025330295876391823
263 1764 -0.02533029587342138
263 1765 -0.02533029584338813
263 1766 -0.025330295876663685
263 1767 -0.025330295887667092
263 1768 -0.02533029582548254
263 1769 -0.025330295910565723
263 1770 -0.025330295910565723
263 1771 -0.0253302958626617
263 1772 -0.025330295861946763
263 1773 -0.025330295879901488
263 1774 -0.025330295886939146
263 1775 -0.025330295888267414
263 1776 -0.025330295864698496
263 1777 -0.025330295895597623
263 1778 -0.02533029585818055
263 1779 -0.025330295808310786
263 1780 -0.025330295779060933
263 1781 -0.02533029583916458
263 1782 -0.025330295867576014
263 1783 -0.02533029581040642
263 1784 -0.025330295868305548
263 1785 -0.02533029583961258
263 1786 -0.02533029573656424
263 1787 -0.02533029576740617
263 1788 -0.025330295905395765
263 1789 -0.025330295847479374
263 1790 -0.025330295804951122
263 1791 -0.025330295889972432
263 1792 -0.025330295896530786
263 1793 -0.02533029588100631
263 1794 -0.025330295818080203
263 1795 -0.025330295869494524
263 1796 -0.025330295889996086
263 1797 -0.025330295835409945
263 1798 -0.02533029574547036
263 1799 -0.025330295909390222
263 1800 -0.0253302958820111
263 1801 -0.025330295708831767
263 1802 -0.02533029589246805
263 1803 -0.02533029588871783
263 1804 -0.025330295876614645
263 1805 -0.025330295840413
263 1806 -0.025330295881102312
263 1807 -0.02533029573223213
263 1808 -0.025330295742955308
263 1809 -0.025330295910565723
263 1810 -0.025330295857861465
263 1811 -0.02533029585499062
263 1812 -0.025330295910565723
263 1813 -0.025330295910565723
263 1814 -0.025330295910565723
263 1815 -0.025330295809602943
263 1816 -0.025330295856593365
263 1817 -0.02533029590033087
263 1818 -0.025330295910565723
263 1819 -0.025330295910565723
263 1820 -0.025330295902643428
263 1821 -0.0253302956572467
263 1822 -0.025330295873335303
263 1823 -0.02533029583843839
263 1824 -0.025330295830511627
263 1825 -0.025330295878862708
263 1826 -0.025330295910565723
263 1827 -0.025330295578370823
263 1828 -0.025330295896693854
263 1829 -0.02533029588930443
263 1830 -0.025330295903453037
263 1831 -0.025330295910565723
263 1832 -0.02533029585046907
263 1833 -0.025330295864620222
263 1834 -0.025330295823842996
263 1835 -0.025330295821192186
263 1836 -0.025330295661414804
263 1837 -0.025330295910565723
263 1838 -0.025330295883966954
263 1839 -0.025330295785890286
263 1840 -0.025330295585467736
263 1841 -0.02533029588684884
263 1842 -0.025330295847462173
263 1843 -0.02533029571888682
263 1844 -0.025330295723604415
263 1845 -0.02533029583397767
263 1846 -0.02533029589415201
263 1847 -0.02533029590135896
263 1848 -0.02533029585755061
263 1849 -0.05066059182116889
263 1850 -0.025330295822672794
263 1851 -0.025330295811139186
263 1852 -0.025330295910565723
263 1853 -0.025330295910565723
263 1854 -0.025330295910565723
263 1855 -0.025330295910565723
263 1856 -0.025330295910565723
263 1857 -0.025330295910565723
263 1858 -0.025330295910565723
263 1859 -0.025330295862501708
263 1860 -0.025330295847938673
263 1861 -0.025330295871284624
263 1862 -0.025330295900048587
263 1863 -0.025330295854627864
263 1864 -0.025330295910565723
263 1865 -0.025330295910565723
263 1866 -0.025330295761049535
263 1867 -0.025330295837777957
263 1868 -0.02533029582371447
263 1869 -0.025330295910565723
263 1870 -0.025330295910565723
263 1871 -0.02533029576171091
263 1872 -0.025330295845030642
263 1873 -0.025330295796106246
263 1874 -0.025330295810580744
263 1875 -0.025330295862785547
263 1876 -0.025330295838029256
263 1877 -0.025330295840811836
263 1878 -0.025330295853065805
263 1879 -0.025330295890372334
263 1880 -0.02533029578447047
263 1881 -0.02533029576844283
263 1882 -0.025330295789609804
263 1883 -0.025330295771495585
263 1884 -0.0253302958686741
263 1885 -0.025330295860009663
263 1886 -0.025330295820095994
263 1887 -0.02533029585995048
263 1888 -0.025330295847521285
263 1889 -0.025330295899827077
263 1890 -0.02533029584269913
263 1891 -0.025330295910565723
263 1892 -0.025330295887842136
263 1893 -0.025330295888468427
263 1894 -0.025330295883180937
263 1895 -0.02533029579478127
263 1896 -0.025330295843561813
263 1897 -0.02533029586701865
263 1898 -0.02533029587915021
263 1899 -0.025330295871476196
263 1900 -0.025330295872720662
263 1901 -0.025330295874585348
263 1902 -0.025330295834170815
263 1903 -0.02533029578467697
263 1904 -0.025330295894803602
263 1905 -0.02533029590912697
263 1906 -0.02533029583919843
263 1907 -0.025330295825915426
263 1908 -0.025330295865435146
263 1909 -0.025330295686874036
263 1910 -0.025330295900706803
263 1911 -0.025330295864970556
263 1912 -0.025330295789240224
263 1913 -0.02533029588612193
263 1914 -0.02533029587965333
263 1915 -0.025330295870905153
263 1916 -0.02533029590601983
263 1917 -0.02533029588021199
263 1918 -0.025330295880245192
263 1919 -0.025330295860822718
263 1920 -0.02533029586815067
263 1921 -0.025330295881198065
263 1922 -0.02533029585949766
263 1923 -0.025330295852619825
263 1924 -0.025330295826698823
263 1925 -0.025330295834517257
263 1926 -0.02533029585105285
263 1927 -0.025330295910565723
263 1928 -0.025330295843410008
263 1929 -0.025330295898569725
263 1930 -0.02533029588063034
263 1931 -0.025330295803583792
263 1932 -0.025330295836811387
263 1933 -0.025330295868887687
263 1934 -0.025330295884720723
263 1935 -0.025330295781059074
263 1936 -0.025330295886039737
263 1937 -0.025330295829702497
263 1938 -0.025330295890127513
263 1939 -0.025330295825829043
263 1940 -0.02533029574172237
263 1941 -0.025330295853508558
263 1942 -0.025330295879615487
263 1943 -0.025330295904737635
263 1944 -0.02533029588216528
263 1945 -0.02533029568705697
263 1946 -0.025330295781977274
263 1947 -0.025330295825320457
263 1948 -0.025330295878911332
263 1949 -0.025330295827462015
263 1950 -0.025330295836895306
263 1951 -0.02533029588129751
263 1952 -0.025330295836789158
263 1953 -0.025330295839079007
263 1954 -0.02533029583126766
263 1955 -0.025330295823479593
263 1956 -0.025330295878367288
263 1957 -0.025330295829245394
263 1958 -0.025330295854613844
263 1959 -0.025330295841121817
263 1960 -0.025330295895836963
263 1961 -0.025330295871102634
263 1962 -0.0253302958855564
263 1963 -0.025330295772535708
263 1964 -0.025330295753253587
263 1965 -0.025330295807455588
263 1966 -0.025330295910565723
263 1967 -0.025330295910565723
263 1968 -0.025330295902713212
263 1969 -0.02533029587471186
263 1970 -0.025330295902008575
263 1971 -0.02533029588724205
263 1972 -0.025330295846344705
263 1973 -0.025330295626096448
263 1974 -0.02533029577514893
263 1975 -0.025330295779869096
263 1976 -0.025330295910565723
263 1977 -0.025330295869544762
263 1978 -0.025330295888761126
263 1979 -0.02533029586556788
263 1980 -0.02533029582951753
263 1981 -0.025330295864203174
263 1982 -0.025330295850502896
263 1983 -0.025330295887236003
263 1984 -0.025330295866885528
263 1985 -0.025330295881186866
263 1986 -0.025330295895959084
263 1987 -0.02533029585386841
263 1988 -0.02533029583259461
263 1989 -0.025330295022554485
263 1990 -0.025330295910565723
263 1991 -0.025330295896785895
263 1992 -0.025330295877035888
263 1993 -0.025330295865983836
263 1994 -0.02533029511087391
263 1995 -0.02533029580314077
263 1996 -0.02533029584866494
263 1997 -0.025330295820596115
263 1998 -0.025330295876464955
263 1999 -0.025330295894222643
263 2000 -0.02533029586506635
263 2001 -0.025330295852089176
263 2002 -0.025330295877341775
263 2003 -0.02533029589714305
263 2004 -0.025330295856515337
263 2005 -0.02533029585833775
263 2006 -0.025330295801899872
263 2007 -0.025330295811923833
263 2008 -0.025330295833877293
263 2009 -0.025330295903507334
263 2010 -0.025330295864082863
263 2011 -0.025330295895611716
263 2012 -0.025330295838607114
263 2013 -0.025330295809826275
263 2014 -0.02533029584703339
263 2015 -0.025330295910565723
263 2016 -0.025330295910565723
263 2017 -0.025330295910565723
263 2018 -0.025330295895692367
263 2019 -0.025330295910565723
263 2020 -0.02533029588287942
263 2021 -0.025330295828787375
263 2022 -0.025330295865558985
263 2023 -0.025330295707651378
263 2024 -0.025330295888376802
263 2025 -0.02533029586526741
263 2026 -0.025330295758737843
263 2027 -0.025330295893406893
263 2028 -0.025330295887029782
263 2029 -0.02533029588746509
263 2030 -0.025330295910565723
263 2031 -0.025330295846621647
263 2032 -0.025330295903160164
263 2033 -0.02533029590070236
263 2034 -0.025330295897137103
263 2035 -0.025330295846145753
263 2036 -0.02533029589323097
263 2037 -0.025330295853945955
263 2038 -0.025330295910565723
263 2039 -0.025330295898895693
263 2040 -0.025330295880391183
263 2041 -0.025330295816041935
263 2042 -0.02533029576544044
263 2043 -0.025330295898328192
263 2044 -0.025330295799655917
263 2045 -0.025330295841293957
263 2046 -0.025330295886748993
263 2047 -0.02533029589857527
263 2048 -0.025330295862770663
263 2049 -0.025330295820736502
263 2050 -0.025330295910565723
263 2051 -0.025330295910565723
263 2052 -0.025330295827730782
263 2053 -0.02533029586839382
263 2054 -0.025330295887245672
263 2055 -0.025330295816773696
263 2056 -0.025330295910565723
263 2057 -0.025330295897233686
263 2058 -0.025330295878758794
263 2059 -0.025330295901335082
263 2060 -0.025330295844900288
263 2061 -0.02533029566042637
263 2062 -0.02533029549103091
263 2063 -0.025330295888454757
263 2064 -0.025330295877562265
263 2065 -0.025330295875653594
263 2066 -0.0253302958879383
263 2067 -0.025330295877995197
263 2068 -0.025330295777882268
263 2069 -0.025330295910565723
263 2070 -0.025330295910565723
263 2071 -0.02533029583716475
263 2072 -0.025330295910565723
263 2073 -0.025330295816067116
263 2074 -0.025330295760326887
263 2075 -0.025330295899257758
263 2076 -0.02533029573848087
263 2077 -0.025330295910565723
263 2078 -0.025330295910565723
263 2079 -0.025330295848042375
263 2080 -0.025330295877322908
263 2081 -0.025330295883983042
263 2082 -0.025330295888460932
263 2083 -0.02533029589918466
263 2084 -0.0253302955429363
263 2085 -0.02533029589383302
263 2086 -0.02533029586877465
263 2087 -0.025330295849812782
263 2088 -0.02533029584128889
263 2089 -0.025330295872971167
263 2090 -0.02533029588062208
263 2091 -0.025330295898831
263 2092 -0.025330295848656197
263 2093 -0.025330295844870458
263 2094 -0.025330295879713673
263 2095 -0.025330295773553925
263 2096 -0.025330295861880365
263 2097 -0.025330295878957715
263 2098 -0.025330295866054
263 2099 -0.02533029586903215
263 2100 -0.025330295861424643
263 2101 -0.025330295864929565
263 2102 -0.02533029588740933
263 2103 -0.025330295798382415
263 2104 -0.025330295750619243
263 2105 -0.025330295887265396
263 2106 -0.025330295831409055
263 2107 -0.02533029589726955
263 2108 -0.025330295856757227
263 2109 -0.025330295860407775
263 2110 -0.025330295903236228
263 2111 -0.02533029588156336
263 2112 -0.02533029588876101
263 2113 -0.025330295869815323
263 2114 -0.025330295864128664
263 2115 -0.025330295827350954
263 2116 -0.02533029587612397
263 2117 -0.02533029589406962
263 2118 -0.025330295902116925
263 2119 -0.025330295884551057
263 2120 -0.025330295875607586
263 2121 -0.0253302958753552
263 2122 -0.025330295893028845
263 2123 -0.025330295910565723
263 2124 -0.02533029589507716
263 2125 -0.02533029587454532
263 2126 -0.02533029586421741
263 2127 -0.02533029585688797
263 2128 -0.025330295814059996
263 2129 -0.02533029584206306
263 2130 -0.025330295888497834
263 2131 -0.025330295830703887
263 2132 -0.025330295896193938
263 2133 -0.025330295893075408
263 2134 -0.025330295889534667
263 2135 -0.025330295876273806
263 2136 -0.025330295854922483
263 2137 -0.02533029587072104
263 2138 -0.02533029586014684
263 2139 -0.025330295766615843
263 2140 -0.025330295892462426
263 2141 -0.025330295910565723
263 2142 -0.025330295816070044
263 2143 -0.02533029581515123
263 2144 -0.025330295693364903
263 2145 -0.025330295806854926
263 2146 -0.025330295817505774
263 2147 -0.02533029583779265
263 2148 -0.025330295897976793
263 2149 -0.025330295910565723
263 2150 -0.025330295880166477
263 2151 -0.025330295859246146
263 2152 -0.025330295824032657
263 2153 -0.025330295910565723
263 2154 -0.02533029589855671
263 2155 -0.025330295859491384
263 2156 -0.025330295241565135
263 2157 -0.025330295877346504
263 2158 -0.02533029583763249
263 2159 -0.025330295898296926
263 2160 -0.025330295879951878
263 2161 -0.02533029584425631
263 2162 -0.02533029583840151
263 2163 -0.025330295910565723
263 2164 -0.025330295910565723
263 2165 -0.025330295890646424
263 2166 -0.025330295897214243
263 2167 -0.025330295903404423
263 2168 -0.025330295874547187
263 2169 -0.025330295891923843
263 2170 -0.025330295899858808
263 2171 -0.025330295895553953
263 2172 -0.025330295746784196
263 2173 -0.0253302958923638
263 2174 -0.025330295897977292
263 2175 -0.025330295890197252
263 2176 -0.025330295892511234
263 2177 -0.02533029588717527
263 2178 -0.025330295906923393
263 2179 -0.0253302957925458
263 2180 -0.025330295747889427
263 2181 -0.025330295877147895
263 2182 -0.05066059182116889
263 2183 -0.025330295887199712
263 2184 -0.025330295850069295
263 2185 -0.0253302958978751
263 2186 -0.025330295881974597
263 2187 -0.025330295904030395
263 2188 -0.02533029589050982
263 2189 -0.02533029589336027
263 2190 -0.025330295881407332
263 2191 -0.025330295890320532
263 2192 -0.0253302958553286
263 2193 -0.02533029589993267
263 2194 -0.025330295905054544
263 2195 -0.02533029571868626
263 2196 -0.02533029585034358
263 2197 -0.025330295910565723
263 2198 -0.02533029586362237
263 2199 -0.02533029582002573
263 2200 -0.025330294827388137
263 2201 -0.025330295865552306
263 2202 -0.02533029585286928
263 2203 -0.025330295844681827
263 2204 -0.025330295851671094
263 2205 -0.025330295893628643
263 2206 -0.025330295765530992
263 2207 -0.025330295900559522
263 2208 -0.025330295884159876
263 2209 -0.025330295700012696
263 2210 -0.02533029569325605
263 2211 -0.025330295701394587
263 2212 -0.02533029569530619
263 2213 -0.025330295573718867
263 2214 -0.025330295583127424
263 2215 -0.025330295717239864
263 2216 -0.02533029572058781
263 2217 -0.025330295704943027
263 2218 -0.025330295690513708
263 2219 -0.025330295692855064
263 2220 -0.02533029567072356
263 2221 -0.025330295660625973
263 2222 -0.02533029571409622
263 2223 -0.025330295698716355
263 2224 -0.025330295855537806
263 2225 -0.025330295896116434
263 2226 -0.025330295864770487
263 2227 -0.02533029590361717
263 2228 -0.025330295878274258
263 2229 -0.025330295899667888
263 2230 -0.02533029587707429
263 2231 -0.02533029587460075
263 2232 -0.025330295766821862
263 2233 -0.025330295872189334
263 2234 -0.025330295906208052
263 2235 -0.025330295907410164
263 2236 -0.025330295909309596
263 2237 -0.02533029590316297
263 2238 -0.025330295909550434
263 2239 -0.025330295905107027
263 2240 -0.025330295909597556
263 2241 -0.025330295909816603
263 2242 -0.025330295904898766
263 2243 -0.025330295909956457
263 2244 -0.025330295775235573
263 2245 -0.02533029567676562
263 2246 -0.02533029587358535
263 2247 -0.025330295892844336
263 2248 -0.02533029584568891
263 2249 -0.025330295871832522
263 2250 -0.025330290596996572
263 2251 -0.025330295902689568
263 2252 -0.025330295871565166
263 2253 -0.02533029585002474
263 2254 -0.025330295898200995
263 2255 -0.025330295863575922
263 2256 -0.025330295883066498
263 2257 -0.025330295815350408
263 2258 -0.025330295873443435
263 2259 -0.025330295894151617
263 2260 -0.025330293560904063
263 2261 -0.025330295757342813
263 2262 -0.02533029579881147
263 2263 -0.025330295690185436
263 2264 -0.025330295809080767
263 2265 -0.02533029588068163
263 2266 -0.025330295858454734
263 2267 -0.025330295875783716
263 2268 -0.025330295859405105
263 2269 -0.02533029587195392
263 2270 -0.025330295874797296
263 2271 -0.025330295837387332
263 2272 -0.025330295739327182
263 2273 -0.025330294776330437
263 2274 -0.025330295819886935
263 2275 -0.025330295878420412
263 2276 -0.025330295910565723
263 2277 -0.025330295780707973
263 2278 -0.02533029584317314
263 2279 -0.025330295881513813
263 2280 -0.025330295853367407
263 2281 -0.02533029576943029
263 2282 -0.02533029589263952
263 2283 -0.025330295827551377
263 2284 -0.025330295847210665
263 2285 -0.025330295811618102
263 2286 -0.02533029567259017
263 2287 -0.025330295910565723
263 2288 -0.025330295813917967
263 2289 -0.025330295820346054
263 2290 -0.025330295856858573
263 2291 -0.025330295842413992
263 2292 -0.025330295817033482
263 2293 -0.025330295834834822
263 2294 -0.025330295813593074
263 2295 -0.025330295858832196
263 2296 -0.05066059182116889
263 2297 -0.025330295897149323
263 2298 -0.025330295731664704
263 2299 -0.025330294729721346
263 2300 -0.025330295786463453
263 2301 -0.025330295785044275
263 2302 -0.02533029585904527
263 2303 -0.025330295825549392
263 2304 -0.025330295802357183
263 2305 -0.025330295910565723
263 2306 -0.02533029586326302
263 2307 -0.025330295745613747
263 2308 -0.02533029587293516
263 2309 -0.025330295791009264
263 2310 -0.025330295772075212
263 2311 -0.025330295637533803
263 2312 -0.025330295849379337
263 2313 -0.02533029574888649
263 2314 -0.025330295875465043
263 2315 -0.025330295881001032
263 2316 -0.025330295903407556
263 2317 -0.025330295909592918
263 2318 -0.02533029582960886
263 2319 -0.02533029587857483
263 2320 -0.025330295794270256
263 2321 -0.02533029585864131
263 2322 -0.02533029588846151
263 2323 -0.0253302958535585
263 2324 -0.025330295716017304
263 2325 -0.025330295818235093
263 2326 -0.025330295881172717
263 2327 -0.025330295729370473
263 2328 -0.02533029586721147
263 2329 -0.025330295767692062
263 2330 -0.025330295823363498
263 2331 -0.02533029561875368
263 2332 -0.025330295910565723
263 2333 -0.02533029580519446
263 2334 -0.025330295820366108
263 2335 -0.02533029588756057
263 2336 -0.025330295737953236
263 2337 -0.02533029568718054
263 2338 -0.025330295910565723
263 2339 -0.025330295877044905
263 2340 -0.02533029584816527
263 2341 -0.02533029581914226
263 2342 -0.025330295829296877
263 2343 -0.025330295661825507
263 2344 -0.025330295853775078
263 2345 -0.025330295799912635
263 2346 -0.02533029584530768
263 2347 -0.02533029549405538
263 2348 -0.025330295852102804
263 2349 -0.025330295808591977
263 2350 -0.025330295809050513
263 2351 -0.02533029581485909
263 2352 -0.025330295813327502
263 2353 -0.025330295754982184
263 2354 -0.025330295881936398
263 2355 -0.025330295858219144
263 2356 -0.02533029585048462
263 2357 -0.02533029588073626
263 2358 -0.025330295852296656
263 2359 -0.025330295896737794
263 2360 -0.025330295827024563
263 2361 -0.025330295828955723
263 2362 -0.025330295885004142
263 2363 -0.025330295824670654
263 2364 -0.02533029584238025
263 2365 -0.025330295901464628
263 2366 -0.02533029585604778
263 2367 -0.025330295847764604
263 2368 -0.02533029589189185
263 2369 -0.025330295883262216
263 2370 -0.025330295910565723
263 2371 -0.025330295889583822
263 2372 -0.025330295910565723
263 2373 -0.025330295874988296
263 2374 -0.025330295715693316
263 2375 -0.02533026631336844
263 2376 -0.02533029586421927
263 2377 -0.025330295842694694
263 2378 -0.025330295910565723
263 2379 -0.025330295790226512
263 2380 -0.025330295910565723
263 2381 -0.0253302957134722
263 2382 -0.025330295910565723
263 2383 -0.025330295881311443
263 2384 -0.02533029585212907
263 2385 -0.025330295891761424
263 2386 -0.025330295798142194
263 2387 -0.02533029581400294
263 2388 -0.025330295860217844
263 2389 -0.025330295871884366
263 2390 -0.025330295887843624
263 2391 -0.025330295882433223
263 2392 -0.025330295887726756
263 2393 -0.025330295689989145
263 2394 -0.025330294744746667
263 2395 -0.025330295830884017
263 2396 -0.025330295910565723
263 2397 -0.02533029582518848
263 2398 -0.02533029534963518
263 2399 -0.025330295886839847
263 2400 -0.025330295885462043
263 2401 -0.025330295878606985
263 2402 -0.025330295882565666
263 2403 -0.025330295777610663
263 2404 -0.025330295846457906
263 2405 -0.02533029582046152
263 2406 -0.02533029577646064
263 2407 -0.02533029563532113
263 2408 -0.025330295816397886
263 2409 -0.025330295885653775
263 2410 -0.025330295889541617
263 2411 -0.025330295817288264
263 2412 -0.025330295879577178
263 2413 -0.025330295758911263
263 2414 -0.025330295863025043
263 2415 -0.02533029589900016
263 2416 -0.025330295910565723
263 2417 -0.05066059182116889
263 2418 -0.025330295866663723
263 2419 -0.025330295850289796
263 2420 -0.025330295866025865
263 2421 -0.025330294855618465
263 2422 -0.025330295641538273
263 2423 -0.025330295549544364
263 2424 -0.025330295857769965
263 2425 -0.025330295910565723
263 2426 -0.02533029581938169
263 2427 -0.02533029572564112
263 2428 -0.02533029568571528
263 2429 -0.025330295892675634
263 2430 -0.025330295715998537
263 2431 -0.02533029588337813
263 2432 -0.025330294715982842
263 2433 -0.025330295812642647
263 2434 -0.025330295846933613
263 2435 -0.025330295802676216
263 2436 -0.05066059182116889
263 2437 -0.025330295866007393
263 2438 -0.02533029590435193
263 2439 -0.0253302958940991
263 2440 -0.02533029586710266
263 2441 -0.02533029589271091
263 2442 -0.025330295864941944
263 2443 -0.025330294907774907
263 2444 -0.02533029574250829
263 2445 -0.025330295862693492
263 2446 -0.02533029584847495
263 2447 -0.025330295723929693
263 2448 -0.025330295833322487
263 2449 -0.025330295848272618
263 2450 -0.0253302958753965
263 2451 -0.025330295910565723
263 2452 -0.025330295910565723
263 2453 -0.0253302958513745
263 2454 -0.02533029577328162
263 2455 -0.02533029586205777
263 2456 -0.025330295842289543
263 2457 -0.025330295869072893
263 2458 -0.025330295886067392
263 2459 -0.025330295854461504
263 2460 -0.025330295840845576
263 2461 -0.025330295833432097
263 2462 -0.02533029588485179
263 2463 -0.02533029587701502
263 2464 -0.025330295883249882
263 2465 -0.025330295853004493
263 2466 -0.02533029588070341
263 2467 -0.025330295779140654
263 2468 -0.02533029587343938
263 2469 -0.02533029588179664
263 2470 -0.025330295888953382
263 2471 -0.025330295880284025
263 2472 -0.02533029585004996
263 2473 -0.025330295799193655
263 2474 -0.025330295872189334
263 2475 -0.025330295815361784
263 2476 -0.025330295738734285
263 2477 -0.025330295804198717
263 2478 -0.025330295279603912
263 2479 -0.025330295876880817
263 2480 -0.025330295817243637
263 2481 -0.025330295857215905
263 2482 -0.025330295875285597
263 2483 -0.025330295872088557
263 2484 -0.02533029579106444
263 2485 -0.025330295849165088
263 2486 -0.025330295910565723
263 2487 -0.025330295890192835
263 2488 -0.02533029590521784
263 2489 -0.025330295897157115
263 2490 -0.025330295892266413
263 2491 -0.025330295890552405
263 2492 -0.025330295892188867
263 2493 -0.025330295882741122
263 2494 -0.02533029590580684
263 2495 -0.025330295876912504
263 2496 -0.025330295882919684
263 2497 -0.025330295884765493
263 2498 -0.025330295867494135
263 2499 -0.025330295866315702
263 2500 -0.02533029588832489
263 2501 -0.02533029590916902
263 2502 -0.025330295890930936
263 2503 -0.025330295910565723
263 2504 -0.025330295891726168
263 2505 -0.025330295879034806
263 2506 -0.025330295895389796
263 2507 -0.025330295895972747
263 2508 -0.02533029589300848
263 2509 -0.02533029585732161
263 2510 -0.02533029588290341
263 2511 -0.025330295900557936
263 2512 -0.025330295890837018
263 2513 -0.025330295899826646
263 2514 -0.025330295892254523
263 2515 -0.02533029589002508
263 2516 -0.025330295901577357
263 2517 -0.025330295887926055
263 2518 -0.02533029589622386
263 2519 -0.025330295886583865
263 2520 -0.025330295899323948
263 2521 -0.025330295860083205
263 2522 -0.02533029578693615
263 2523 -0.025330295901042105
263 2524 -0.025330295897179257
263 2525 -0.025330295883297084
263 2526 -0.025330295896417207
263 2527 -0.025330295892446456
263 2528 -0.025330295894605472
263 2529 -0.025330295899568478
263 2530 -0.025330295894136923
263 2531 -0.025330295896809973
263 2532 -0.025330295882986572
263 2533 -0.02533029589431232
263 2534 -0.025330295896509408
263 2535 -0.025330295893560298
263 2536 -0.025330295887585303
263 2537 -0.025330295894776665
263 2538 -0.02533029590041217
263 2539 -0.02533029589754659
263 2540 -0.02533029589753571
263 2541 -0.025330295896036522
263 2542 -0.02533029589756775
263 2543 -0.025330295898772517
263 2544 -0.025330295900068096
263 2545 -0.025330295902454426
263 2546 -0.025330295895844426
263 2547 -0.02533029589861522
263 2548 -0.025330295897130106
263 2549 -0.025330295891433464
263 2550 -0.025330295896864304
263 2551 -0.025330295891022377
263 2552 -0.025330295910565723
263 2553 -0.02533029587856809
263 2554 -0.025330295908251355
263 2555 -0.025330295897043584
263 2556 -0.025330295904362293
263 2557 -0.025330295905723756
263 2558 -0.025330295906676722
263 2559 -0.02533029590187842
263 2560 -0.02533029583398682
263 2561 -0.025330295905271846
263 2562 -0.02533029590744294
263 2563 -0.02533029587267987
263 2564 -0.025330295893363858
263 2565 -0.025330295884391726
263 2566 -0.025330295908650248
263 2567 -0.025330295910565723
263 2568 -0.025330295885804162
263 2569 -0.025330295889936003
263 2570 -0.025330295904884503
263 2571 -0.025330295898174024
263 2572 -0.02533029582726852
263 2573 -0.025330295886146877
263 2574 -0.025330295806847695
263 2575 -0.02533029590069285
263 2576 -0.025330295896287394
263 2577 -0.025330295878245642
263 2578 -0.025330295852275336
263 2579 -0.025330295736624122
263 2580 -0.025330295822064385
263 2581 -0.025330295827436993
263 2582 -0.025330295759338817
263 2583 -0.025330295827173395
263 2584 -0.025330295818823633
263 2585 -0.025330295743930975
263 2586 -0.025330295776826
263 2587 -0.025330295814917567
263 2588 -0.025330295819212888
263 2589 -0.025330295829544075
263 2590 -0.0253302958238752
263 2591 -0.025330295826190802
263 2592 -0.025330295744076043
263 2593 -0.025330295818252413
263 2594 -0.02533029584663365
263 2595 -0.02533029582490426
263 2596 -0.02533029581721798
263 2597 -0.02533029582605972
263 2598 -0.025330295816995793
263 2599 -0.025330295824552606
263 2600 -0.025330295816889527
263 2601 -0.0253302958109279
263 2602 -0.025330295831768553
263 2603 -0.02533029582872494
263 2604 -0.02533029583854608
263 2605 -0.02533029581548863
263 2606 -0.025330295838689253
263 2607 -0.02533029581488571
263 2608 -0.02533029582781906
263 2609 -0.025330295835003687
263 2610 -0.025330295829609446
263 2611 -0.02533029582786055
263 2612 -0.025330295828761562
263 2613 -0.025330295838865632
263 2614 -0.02533029581679469
263 2615 -0.025330295831604382
263 2616 -0.02533029583369243
263 2617 -0.02533029583528987
263 2618 -0.02533029572305804
263 2619 -0.025330295817311835
263 2620 -0.02533029583979945
263 2621 -0.025330295815219755
263 2622 -0.025330295829149377
263 2623 -0.025330295842514113
263 2624 -0.025330295821333903
263 2625 -0.025330295826395757
263 2626 -0.02533029583788049
263 2627 -0.025330295808295992
263 2628 -0.02533029583398764
263 2629 -0.025330295824908783
263 2630 -0.02533029582241541
263 2631 -0.025330295832432455
263 2632 -0.025330295875820294
263 2633 -0.02533029583023042
263 2634 -0.025330295874533008
263 2635 -0.02533029590127766
263 2636 -0.025330295901107677
263 2637 -0.02533029589582422
263 2638 -0.02533029580351141
263 2639 -0.025330295826992106
263 2640 -0.025330295772878108
263 2641 -0.02533029578014638
263 2642 -0.02533029585223621
263 2643 -0.025330295885861817
263 2644 -0.025330295900472716
263 2645 -0.02533029587491248
263 2646 -0.025330295896623896
263 2647 -0.025330295909339814
263 2648 -0.025330295887272633
263 2649 -0.025330295843566
263 2650 -0.025330295910565723
263 2651 -0.025330295870932065
263 2652 -0.025330295885655642
263 2653 -0.02533029588652072
263 2654 -0.025330295865032933
263 2655 -0.02533029583504187
263 2656 -0.025330295879748787
263 2657 -0.025330295822252866
263 2658 -0.025330295871208924
263 2659 -0.02533029588181138
263 2660 -0.025330295894533103
263 2661 -0.025330295827149497
263 2662 -0.02533029585093688
263 2663 -0.02533029577368823
263 2664 -0.025330295790695158
263 2665 -0.025330295857759217
263 2666 -0.025330295894260068
263 2667 -0.02533029587055918
263 2668 -0.0253302958704143
263 2669 -0.025330295882775605
263 2670 -0.025330295805225885
263 2671 -0.025330295789982683
263 2672 -0.025330295867946093
263 2673 -0.025330295887166798
263 2674 -0.025330295843195502
263 2675 -0.02533029570447162
263 2676 -0.025330295799750234
263 2677 -0.025330295847379947
263 2678 -0.025330295825288295
263 2679 -0.025330295882692477
263 2680 -0.025330295893962195
263 2681 -0.025330295897334033
263 2682 -0.02533029588034176
263 2683 -0.02533029589821975
263 2684 -0.025330295898123384
263 2685 -0.025330295805258245
263 2686 -0.02533029580721303
263 2687 -0.02533029588411473
263 2688 -0.025330295758926542
263 2689 -0.0253302958833886
263 2690 -0.025330295894433013
263 2691 -0.025330295876885723
263 2692 -0.05066059182116889
263 2693 -0.0253302958890619
263 2694 -0.025330295898511997
263 2695 -0.025330295670165492
263 2696 -0.025330295775538764
263 2697 -0.025330295736423626
263 2698 -0.025330295867498954
263 2699 -0.025330295749945633
263 2700 -0.025330295871992134
263 2701 -0.025330295832514
263 2702 -0.025330295798105786
263 2703 -0.0253302958716747
263 2704 -0.025330295771201564
263 2705 -0.025330295898170176
263 2706 -0.025330295896984423
263 2707 -0.025330295868143587
263 2708 -0.025330295870781085
263 2709 -0.02533029589751621
263 2710 -0.025330295855423433
263 2711 -0.025330295910565723
263 2712 -0.02533029589478221
263 2713 -0.02533029580376881
263 2714 -0.025330295734190274
263 2715 -0.025330295860109722
263 2716 -0.025330295826373254
263 2717 -0.025330295910565723
263 2718 -0.025330295823405905
263 2719 -0.025330295804272228
263 2720 -0.025330295857305653
263 2721 -0.025330295910565723
263 2722 -0.025330295898396554
263 2723 -0.0253302956602437
263 2724 -0.025330295670528843
263 2725 -0.02533029581781516
263 2726 -0.02533029574857204
263 2727 -0.025330295910565723
263 2728 -0.025330295910565723
263 2729 -0.02533029572726651
263 2730 -0.025330295910565723
263 2731 -0.025330295687571606
263 2732 -0.025330295872290198
263 2733 -0.025330295910565723
263 2734 -0.025330295839378583
263 2735 -0.025330295813254192
263 2736 -0.025330295894563738
263 2737 -0.025330295812337537
263 2738 -0.02533029570437544
263 2739 -0.02533029581998913
263 2740 -0.025330295850092718
263 2741 -0.025330295909853293
263 2742 -0.02533029584610772
263 2743 -0.02533029582028071
263 2744 -0.02533029588343967
263 2745 -0.025330295892528613
263 2746 -0.025330295895930676
263 2747 -0.025330295891084594
263 2748 -0.02533029589375113
263 2749 -0.0253302958987191
263 2750 -0.02533029589851919
263 2751 -0.02533029589735665
263 2752 -0.025330295899746457
263 2753 -0.025330295902129308
263 2754 -0.025330295895307185
263 2755 -0.025330295890592918
263 2756 -0.025330295899506503
263 2757 -0.025330295910565723
263 2758 -0.02533029582787272
263 2759 -0.025330295756658523
263 2760 -0.025330295837130312
263 2761 -0.025330295808580917
263 2762 -0.025330295660439633
263 2763 -0.02533029582927788
263 2764 -0.025330295829927362
263 2765 -0.025330295910565723
263 2766 -0.025330295823642587
263 2767 -0.02533029587902446
263 2768 -0.02533029588087302
263 2769 -0.025330295867608835
263 2770 -0.025330295853576774
263 2771 -0.02533029572933683
263 2772 -0.025330295643216743
263 2773 -0.025330295910565723
263 2774 -0.025330295910565723
263 2775 -0.025330295778709946
263 2776 -0.025330295826919716
263 2777 -0.025330295868692388
263 2778 -0.025330295910565723
263 2779 -0.025330295822864016
263 2780 -0.025330295824677867
263 2781 -0.0253302958403296
263 2782 -0.025330295910565723
263 2783 -0.025330295910565723
263 2784 -0.025330295910565723
263 2785 -0.0253302958607369
263 2786 -0.025330295700251443
263 2787 -0.025330295886967218
263 2788 -0.02533029585513018
263 2789 -0.025330295886512037
263 2790 -0.025330295882675966
263 2791 -0.025330295892131153
263 2792 -0.02533029585891081
263 2793 -0.025330295762358915
263 2794 -0.025330295868653388
263 2795 -0.025330295859726504
263 2796 -0.02533029583345346
263 2797 -0.025330295845192162
263 2798 -0.025330295816471157
263 2799 -0.025330295868402387
263 2800 -0.025330295840612495
263 2801 -0.02533029571526489
263 2802 -0.025330295872383387
263 2803 -0.025330295880393684
263 2804 -0.02533029578471901
263 2805 -0.025330295886403446
263 2806 -0.025330295895637973
263 2807 -0.025330295720589355
263 2808 -0.02533029585299027
263 2809 -0.025330295887449734
263 2810 -0.025330295858555337
263 2811 -0.025330295890485306
263 2812 -0.0253302958415359
263 2813 -0.02533029587267245
263 2814 -0.025330295853645598
263 2815 -0.02533029588471291
263 2816 -0.025330295884557315
263 2817 -0.025330295910565723
263 2818 -0.025330295869465246
263 2819 -0.025330295910565723
263 2820 -0.02533029579723473
263 2821 -0.025330295880403707
263 2822 -0.025330295910565723
263 2823 -0.02533029584907764
263 2824 -0.025330295867087918
263 2825 -0.025330295779975837
263 2826 -0.025330295910565723
263 2827 -0.025330295876096746
263 2828 -0.025330295723435894
263 2829 -0.025330295910565723
263 2830 -0.025330295910565723
263 2831 -0.025330295910565723
263 2832 -0.025330295910565723
263 2833 -0.025330295748511762
263 2834 -0.025330295910565723
263 2835 -0.025330295910565723
263 2836 -0.025330295910565723
263 2837 -0.025330295841396913
263 2838 -0.025330295910565723
263 2839 -0.025330295818699045
263 2840 -0.025330295834060226
263 2841 -0.025330295910565723
263 2842 -0.025330295910565723
263 2843 -0.02533029586687094
263 2844 -0.025330295910565723
263 2845 -0.025330295910565723
263 2846 -0.025330295910565723
263 2847 -0.025330295910565723
263 2848 -0.025330295910565723
263 2849 -0.025330295910565723
263 2850 -0.025330295837267886
263 2851 -0.025330295910565723
263 2852 -0.025330295910565723
263 2853 -0.02533029570568703
263 2854 -0.025330295793824485
263 2855 -0.025330295910565723
263 2856 -0.025330295910565723
263 2857 -0.05066059182116889
263 2858 -0.025330295910565723
263 2859 -0.05066059182116889
263 2860 -0.025330295910565723
263 2861 -0.025330295910565723
263 2862 -0.025330295910565723
263 2863 -0.025330295910565723
263 2864 -0.02533029579527884
263 2865 -0.025330295813305568
263 2866 -0.025330295897325262
263 2867 -0.025330295899298923
263 2868 -0.025330295881145683
263 2869 -0.025330295881182872
263 2870 -0.025330295795602142
263 2871 -0.025330295910565723
263 2872 -0.025330295786777715
263 2873 -0.025330295770728286
263 2874 -0.025330295752123835
263 2875 -0.025330295865934466
263 2876 -0.02533029587620292
263 2877 -0.025330295824216066
263 2878 -0.02533029583651063
263 2879 -0.025330295879369497
263 2880 -0.02533029589519525
263 2881 -0.02533029581021484
263 2882 -0.025330295910565723
263 2883 -0.025330295910565723
263 2884 -0.025330295910565723
263 2885 -0.025330295910565723
263 2886 -0.05066059182116889
263 2887 -0.025330295867238336
263 2888 -0.02533029590180634
263 2889 -0.025330295910565723
263 2890 -0.025330295910565723
263 2891 -0.025330295910565723
263 2892 -0.025330295910565723
263 2893 -0.025330295910565723
263 2894 -0.025330295910565723
263 2895 -0.025330295910565723
263 2896 -0.025330295910565723
263 2897 -0.025330295910565723
263 2898 -0.025330295910565723
263 2899 -0.025330295910565723
263 2900 -0.025330295910565723
263 2901 -0.025330295910565723
263 2902 -0.025330295910565723
263 2903 -0.025330295910565723
263 2904 -0.025330295910565723
263 2905 -0.025330295910565723
263 2906 -0.025330295910565723
263 2907 -0.025330295910565723
263 2908 -0.025330295910565723
263 2909 -0.025330295869029705
263 2910 -0.0253302958772142
263 2911 -0.025330295530988214
263 2912 -0.025330295910565723
263 2913 -0.0253302958939993
263 2914 -0.025330295910565723
263 2915 -0.025330295910565723
263 2916 -0.025330295880732344
263 2917 -0.025330295889635854
263 2918 -0.025330295895286254
263 2919 -0.02533029588235512
263 2920 -0.025330295880459115
263 2921 -0.025330295910565723
263 2922 -0.025330295910565723
263 2923 -0.025330295910565723
263 2924 -0.025330295910565723
263 2925 -0.025330295733428033
263 2926 -0.025330295910565723
263 2927 -0.025330295910565723
263 2928 -0.025330295910565723
263 2929 -0.025330295910565723
263 2930 -0.025330295910565723
263 2931 -0.025330295910565723
263 2932 -0.025330295910565723
263 2933 -0.025330295910565723
263 2934 -0.025330295910565723
263 2935 -0.025330295910565723
263 2936 -0.025330295910565723
263 2937 -0.025330295910565723
263 2938 -0.025330295910565723
263 2939 -0.025330295910565723
263 2940 -0.025330295910565723
263 2941 -0.025330295910565723
263 2942 -0.025330295910565723
263 2943 -0.025330295910565723
263 2944 -0.025330295910565723
263 2945 -0.025330295910565723
263 2946 -0.025330295910565723
263 2947 -0.025330295910565723
263 2948 -0.025330295910565723
263 2949 -0.025330295910565723
263 2950 -0.025330295910565723
263 2951 -0.025330295910565723
263 2952 -0.025330295910565723
263 2953 -0.025330295910565723
263 2954 -0.025330295910565723
263 2955 -0.025330295910565723
263 2956 -0.025330295910565723
263 2957 -0.025330295910565723
263 2958 -0.025330295910565723
263 2959 -0.025330295910565723
263 2960 -0.025330295910565723
263 2961 -0.025330295910565723
263 2962 -0.025330295910565723
263 2963 -0.025330295910565723
263 2964 -0.025330295910565723
263 2965 -0.025330295910565723
263 2966 -0.025330295910565723
263 2967 -0.025330295910565723
263 2968 -0.025330295910565723
263 2969 -0.025330295910565723
263 2970 -0.025330295872721
263 2971 -0.025330295910565723
263 2972 -0.025330295891434058
263 2973 -0.02533029582124145
263 2974 -0.025330295891271587
263 2975 -0.025330295910565723
263 2976 -0.02533029589025623
